0.102389 0.45 0.0332565 0
0.0555216 0.538939 0.00156186 0.0889387
0.0555216 0.538939 0.00156186 0.0889387
0.0555216 0.538939 0.00156186 0.0889387
0.0555216 0.538939 0.00156186 0.0889387
0.0555216 0.538939 0.00156186 0.0889387
0.0555216 0.538939 0.00156186 0.0889387
0.0555216 0.538939 0.00156186 0.0889387
0.0555216 0.538939 0.00156186 0.0889387
0.0555216 0.538939 0.00156186 0.0889387
0.0555216 0.538939 0.00156186 0.0889387
0.0555216 0.538939 0.00156186 0.0889387
0.0555216 0.538939 0.00156186 0.0889387
0.0555216 0.538939 0.00156186 0.0889387
0.0555216 0.538939 0.00156186 0.0889387
0.0555216 0.538939 0.00156186 0.0889387
0.0555216 0.538939 0.00156186 0.0889387
0.0555216 0.538939 0.00156186 0.0889387
0.0555216 0.538939 0.00156186 0.0889387
0.0555216 0.538939 0.00156186 0.0889387
0.0555216 0.538939 0.00156186 0.0889387
0.0555216 0.538939 0.00156186 0.0889387
0.0555216 0.538939 0.00156186 0.0889387
0.0555216 0.538939 0.00156186 0.0889387
0.0555216 0.538939 0.00156186 0.0889387
0.0555216 0.538939 0.00156186 0.0889387
0.0555216 0.538939 0.00156186 0.0889387
0.0555216 0.538939 0.00156186 0.0889387
0.0555216 0.538939 0.00156186 0.0889387
0.0555216 0.538939 0.00156186 0.0889387
0.0555216 0.538939 0.00156186 0.0889387
0.0555216 0.538939 0.00156186 0.0889387
