1.00762 0.45 0.560372 0
1.00762 0.45 0.560372 0
1.00762 0.45 0.560372 0
1.00762 0.45 0.560372 0
1.00762 0.45 0.560372 0
1.00762 0.45 0.560372 0
1.00762 0.45 0.560372 0
1.00762 0.45 0.560372 0
1.00762 0.45 0.560372 0
1.00762 0.45 0.560372 0
1.00762 0.45 0.560372 0
1.00762 0.45 0.560372 0
1.00762 0.45 0.560372 0
1.00762 0.45 0.560372 0
1.00762 0.45 0.560372 0
1.00762 0.45 0.560372 0
1.00762 0.45 0.560372 0
1.00762 0.45 0.560372 0
1.00762 0.45 0.560372 0
1.00762 0.45 0.560372 0
1.00762 0.45 0.560372 0
1.00762 0.45 0.560372 0
1.00762 0.45 0.560372 0
1.00762 0.45 0.560372 0
1.00762 0.45 0.560372 0
1.00762 0.45 0.560372 0
1.00762 0.45 0.560372 0
1.00762 0.45 0.560372 0
1.00762 0.45 0.560372 0
1.00762 0.45 0.560372 0
1.00762 0.45 0.560372 0
1.00762 0.45 0.560372 0
1.00762 0.45 0.560372 0
1.00762 0.45 0.560372 0
1.00762 0.45 0.560372 0
1.00762 0.45 0.560372 0
1.00762 0.45 0.560372 0
1.00762 0.45 0.560372 0
1.00762 0.45 0.560372 0
1.00762 0.45 0.560372 0
1.00762 0.45 0.560372 0
1.00762 0.45 0.560372 0
1.00762 0.45 0.560372 0
1.00762 0.45 0.560372 0
1.00762 0.45 0.560372 0
1.00762 0.45 0.560372 0
1.00762 0.45 0.560372 0
1.00762 0.45 0.560372 0
1.00762 0.45 0.560372 0
1.00762 0.45 0.560372 0
1.00762 0.45 0.560372 0
1.00762 0.45 0.560372 0
1.00762 0.45 0.560372 0
1.00762 0.45 0.560372 0
1.00762 0.45 0.560372 0
1.00762 0.45 0.560372 0
1.00762 0.45 0.560372 0
1.00762 0.45 0.560372 0
1.00762 0.45 0.560372 0
1.00762 0.45 0.560372 0
1.00762 0.45 0.560372 0
1.00762 0.45 0.560372 0
1.00762 0.45 0.560372 0
1.00762 0.45 0.560372 0
1.00762 0.45 0.560372 0
1.00762 0.45 0.560372 0
1.00762 0.45 0.560372 0
1.00762 0.45 0.560372 0
1.00762 0.45 0.560372 0
1.00762 0.45 0.560372 0
1.00762 0.45 0.560372 0
1.00762 0.45 0.560372 0
1.00762 0.45 0.560372 0
1.00762 0.45 0.560372 0
1.00762 0.45 0.560372 0
1.00762 0.45 0.560372 0
1.00762 0.45 0.560372 0
1.00762 0.45 0.560372 0
1.00762 0.45 0.560372 0
1.00762 0.45 0.560372 0
1.00762 0.45 0.560372 0
1.00762 0.45 0.560372 0
1.00762 0.45 0.560372 0
