0.343631 0.45 1.66388 0
0.433937 0.542305 1.8759 0.0923047
-0.761119 0.716241 0.983505 0.266241
-1.44553 0.887876 0.560664 0.437876
-0.631911 1.06713 0.208786 0.617126
-0.631911 1.06713 0.208786 0.617126
-0.631911 1.06713 0.208786 0.617126
-0.631911 1.06713 0.208786 0.617126
-0.631911 1.06713 0.208786 0.617126
-0.631911 1.06713 0.208786 0.617126
-0.631911 1.06713 0.208786 0.617126
-0.631911 1.06713 0.208786 0.617126
-0.631911 1.06713 0.208786 0.617126
0.891362 3.54517 0.703617 3.09517
1.30919 3.65293 0.858227 3.20293
1.30919 3.65293 0.858227 3.20293
1.30919 3.65293 0.858227 3.20293
1.30919 3.65293 0.858227 3.20293
1.30919 3.65293 0.858227 3.20293
-1.49424 5.20132 1.04257 4.75132
-1.49424 5.20132 1.04257 4.75132
-1.49424 5.20132 1.04257 4.75132
-1.49424 5.20132 1.04257 4.75132
1.19354 5.80035 1.08701 5.35035
1.35495 5.96452 1.48369 5.51452
1.33129 6.13559 1.78918 5.68559
1.33129 6.13559 1.78918 5.68559
1.33129 6.13559 1.78918 5.68559
1.33129 6.13559 1.78918 5.68559
1.70154 6.85854 1.77088 6.40854
1.42572 7.0408 1.24612 6.5908
1.42572 7.0408 1.24612 6.5908
1.42572 7.0408 1.24612 6.5908
1.42572 7.0408 1.24612 6.5908
1.42572 7.0408 1.24612 6.5908
1.61902 8.8221 2.0647 8.3721
1.71972 8.92215 2.12517 8.47215
1.71972 8.92215 2.12517 8.47215
1.71972 8.92215 2.12517 8.47215
1.71972 8.92215 2.12517 8.47215
1.71972 8.92215 2.12517 8.47215
3.05295 10.6073 2.3418 10.1573
3.65901 10.7062 2.45353 10.2562
2.87592 10.8796 2.24716 10.4296
1.19074 11.054 1.74111 10.604
1.11382 11.2244 1.14191 10.7744
1.33759 11.4009 0.468853 10.9509
-0.705124 11.5861 0.241372 11.1361
0.553714 11.7728 0.371903 11.3228
1.50519 11.9696 0.767265 11.5196
1.50519 11.9696 0.767265 11.5196
1.50519 11.9696 0.767265 11.5196
1.50519 11.9696 0.767265 11.5196
1.50519 11.9696 0.767265 11.5196
1.50519 11.9696 0.767265 11.5196
1.50519 11.9696 0.767265 11.5196
1.50519 11.9696 0.767265 11.5196
1.50519 11.9696 0.767265 11.5196
1.50519 11.9696 0.767265 11.5196
1.50519 11.9696 0.767265 11.5196
1.50519 11.9696 0.767265 11.5196
1.50519 11.9696 0.767265 11.5196
1.50519 11.9696 0.767265 11.5196
1.50519 11.9696 0.767265 11.5196
1.50519 11.9696 0.767265 11.5196
1.50519 11.9696 0.767265 11.5196
1.50519 11.9696 0.767265 11.5196
1.50519 11.9696 0.767265 11.5196
1.50519 11.9696 0.767265 11.5196
1.50519 11.9696 0.767265 11.5196
1.50519 11.9696 0.767265 11.5196
1.50519 11.9696 0.767265 11.5196
1.50519 11.9696 0.767265 11.5196
1.50519 11.9696 0.767265 11.5196
1.50519 11.9696 0.767265 11.5196
1.50519 11.9696 0.767265 11.5196
1.50519 11.9696 0.767265 11.5196
1.50519 11.9696 0.767265 11.5196
1.50519 11.9696 0.767265 11.5196
1.50519 11.9696 0.767265 11.5196
1.50519 11.9696 0.767265 11.5196
1.50519 11.9696 0.767265 11.5196
1.50519 11.9696 0.767265 11.5196
1.50519 11.9696 0.767265 11.5196
1.50519 11.9696 0.767265 11.5196
1.50519 11.9696 0.767265 11.5196
1.50519 11.9696 0.767265 11.5196
1.50519 11.9696 0.767265 11.5196
1.50519 11.9696 0.767265 11.5196
1.50519 11.9696 0.767265 11.5196
1.50519 11.9696 0.767265 11.5196
1.50519 11.9696 0.767265 11.5196
1.50519 11.9696 0.767265 11.5196
1.50519 11.9696 0.767265 11.5196
