-1.38049 0.45 0 0
-1.38049 0.45 0 0
-1.38049 0.45 0 0
-0.614503 0.944584 -0.00502783 0.494584
-0.59749 1.10036 -0.00158456 0.650364
-0.536766 1.26501 0.00421232 0.815015
-0.469415 1.42735 -0.00938629 0.977349
-0.387522 1.60521 -0.00787243 1.15521
-0.305238 1.79519 -0.000492016 1.34519
-0.244468 1.98214 -0.00246972 1.53214
-0.193933 2.17787 0.0085144 1.72787
-0.16134 2.37611 0.00386357 1.92611
-0.16134 2.37611 0.00386357 1.92611
-0.16134 2.37611 0.00386357 1.92611
-0.16134 2.37611 0.00386357 1.92611
-0.16134 2.37611 0.00386357 1.92611
-0.16134 2.37611 0.00386357 1.92611
-0.16134 2.37611 0.00386357 1.92611
-0.16134 2.37611 0.00386357 1.92611
-0.16134 2.37611 0.00386357 1.92611
-0.16134 2.37611 0.00386357 1.92611
-0.16134 2.37611 0.00386357 1.92611
-0.16134 2.37611 0.00386357 1.92611
-0.16134 2.37611 0.00386357 1.92611
-0.16134 2.37611 0.00386357 1.92611
-0.16134 2.37611 0.00386357 1.92611
-0.16134 2.37611 0.00386357 1.92611
-0.16134 2.37611 0.00386357 1.92611
