0.301657 0.45 -2.289e-05 0
0.108136 0.546844 -0.0247695 0.0968442
0.0868788 0.689474 0.0246589 0.239474
0.0187555 0.847654 -0.0167248 0.397654
0.00264514 1.02063 -0.00134705 0.570633
-0.00187805 1.19046 0.02171 0.740455
-0.0110451 1.37434 -0.0194688 0.924344
-0.0115206 1.56908 0.0146487 1.11908
-0.0109125 1.76655 0.00249286 1.31655
-0.0109125 1.76655 0.00249286 1.31655
-0.0109125 1.76655 0.00249286 1.31655
-0.0109125 1.76655 0.00249286 1.31655
-0.0109125 1.76655 0.00249286 1.31655
-0.0109125 1.76655 0.00249286 1.31655
-0.0109125 1.76655 0.00249286 1.31655
-0.0109125 1.76655 0.00249286 1.31655
-0.0710863 3.93491 -0.0158857 3.48491
-0.0190825 4.02797 0.000488063 3.57797
0.00901678 4.19861 0.000261382 3.74861
0.00990311 4.36033 0.000275168 3.91033
0.00588311 4.53143 -0.000521222 4.08143
0.0434286 4.71627 0.0204589 4.26627
-0.00298083 4.90848 0.00135391 4.45848
-0.00641349 5.0937 -0.00201135 4.6437
-0.00607939 5.28039 0.000808465 4.83039
-0.00607939 5.28039 0.000808465 4.83039
-0.00607939 5.28039 0.000808465 4.83039
0.00877546 5.91026 0.00297907 5.46026
0.00877546 5.91026 0.00297907 5.46026
0.00877546 5.91026 0.00297907 5.46026
