3.95198 0.45 3.92587 0
3.94229 0.623106 3.92614 0.173106
3.94225 0.778286 3.9261 0.328285
3.9421 0.938546 3.92595 0.488546
3.94174 1.10405 3.9256 0.654054
3.93956 1.25751 3.92341 0.80751
3.93946 1.41455 3.92332 0.964547
3.93907 1.56898 3.92293 1.11898
3.93931 1.7264 3.92316 1.2764
3.93913 1.87812 3.92298 1.42812
3.93944 2.03555 3.92329 1.58555
3.93906 2.19698 3.92291 1.74698
3.9392 2.35697 3.92305 1.90697
3.94231 2.49944 3.92617 2.04944
3.93923 2.66784 3.92309 2.21784
3.93933 2.82302 3.92318 2.37302
3.94163 2.984 3.92548 2.534
3.94152 3.13987 3.92537 2.68987
3.93909 3.29716 3.92294 2.84716
3.93893 3.45667 3.92279 3.00667
3.9424 3.6187 3.92625 3.1687
3.94184 3.77265 3.9257 3.32265
3.94168 3.92806 3.92554 3.47806
3.94037 4.07626 3.92422 3.62626
3.9424 4.23561 3.92626 3.78561
3.94015 4.41203 3.924 3.96203
3.94039 4.56575 3.92425 4.11575
3.94013 4.72335 3.92398 4.27335
3.93867 4.87516 3.92253 4.42516
3.93934 5.03849 3.9232 4.58849
3.93873 5.18188 3.92258 4.73188
3.93914 5.33981 3.92299 4.88981
