4.07429 0.45 3.93595 0
4.07468 0.618456 3.93634 0.168456
4.07533 0.768551 3.93699 0.318551
4.07539 0.916097 3.93704 0.466097
4.07599 1.07148 3.93764 0.621479
4.07573 1.22188 3.93739 0.771875
4.07609 1.3809 3.93775 0.930898
4.07659 1.57136 3.93824 1.12136
4.07696 1.75483 3.93861 1.30483
4.07702 1.93133 3.93868 1.48133
4.07698 2.10736 3.93864 1.65736
4.07697 2.27622 3.93863 1.82622
4.07659 2.45531 3.93825 2.00531
4.07603 2.63196 3.93769 2.18196
4.07629 2.80587 3.93795 2.35587
4.07534 2.984 3.93699 2.534
4.07505 3.16331 3.93671 2.71331
4.07587 3.33449 3.93753 2.88449
4.07335 3.51815 3.93501 3.06815
4.07368 3.69024 3.93534 3.24024
4.07128 3.86641 3.93294 3.41641
4.07136 4.03582 3.93302 3.58582
4.07131 4.1995 3.93297 3.7495
4.07092 4.3639 3.93258 3.9139
4.11315 4.53607 3.97481 4.08607
4.18565 4.68961 4.04731 4.23961
4.31128 4.84727 4.17294 4.39727
4.43426 4.99437 4.29592 4.54437
4.62424 5.14365 4.4859 4.69365
5.19025 5.46973 5.05191 5.01973
5.53319 5.63983 5.39485 5.18983
5.85187 5.78476 5.71353 5.33476
6.23878 5.94578 6.10043 5.49578
0.298255 6.09478 0.159912 5.64478
0.573122 6.25002 0.43478 5.80002
0.767272 6.39433 0.628929 5.94433
0.883576 6.54902 0.745234 6.09902
0.945156 6.70671 0.806813 6.25671
0.985959 6.8599 0.847616 6.4099
1.02807 7.00806 0.889723 6.55806
1.12161 7.15028 0.983263 6.70028
1.27462 7.30747 1.13627 6.85747
1.44209 7.45147 1.30375 7.00147
1.7173 7.61307 1.57895 7.16307
2.01609 7.76255 1.87775 7.31255
2.34029 7.91497 2.20194 7.46497
2.67084 8.06606 2.5325 7.61606
3.03856 8.22242 2.90021 7.77242
3.32969 8.3763 3.19135 7.9263
3.51966 8.52184 3.38132 8.07184
3.64505 8.68066 3.50671 8.23066
3.69734 8.82816 3.559 8.37816
3.7317 8.98426 3.59336 8.53426
3.79049 9.15271 3.65215 8.70271
3.91786 9.3196 3.77952 8.8696
4.08623 9.48267 3.94789 9.03267
4.35791 9.66587 4.21956 9.21587
5.25055 10.0987 5.11221 9.64871
5.67177 10.277 5.53343 9.82696
5.99475 10.4364 5.85641 9.98637
6.24256 10.5919 6.10422 10.1419
6.38179 10.7438 6.24345 10.2938
0.182231 10.8966 0.0438885 10.4466
0.219254 11.0512 0.0809111 10.6012
0.264574 11.2053 0.126231 10.7553
0.34419 11.359 0.205847 10.909
0.485222 11.5214 0.34688 11.0714
0.701617 11.677 0.563275 11.227
0.962656 11.8481 0.824313 11.3981
1.27938 11.9995 1.14104 11.5495
1.61107 12.1542 1.47272 11.7042
1.9882 12.3129 1.84985 11.8629
2.32985 12.4675 2.1915 12.0175
2.59284 12.6237 2.4545 12.1737
2.76339 12.7783 2.62505 12.3283
2.87096 12.9406 2.73262 12.4906
2.91781 13.0969 2.77946 12.6469
2.94787 13.2497 2.80953 12.7997
3.01244 13.4215 2.8741 12.9715
3.1528 13.5807 3.01446 13.1307
3.33367 13.7362 3.19533 13.2862
3.55996 13.8898 3.42162 13.4398
3.87595 14.0469 3.73761 13.5969
4.18475 14.1962 4.04641 13.7462
4.54071 14.3533 4.40237 13.9033
5.25237 14.6716 5.11402 14.2216
5.49645 14.872 5.35811 14.422
5.59603 15.0235 5.45769 14.5735
5.64145 15.1862 5.50311 14.7362
5.67479 15.3387 5.53645 14.8887
5.75773 15.5198 5.61938 15.0698
5.91934 15.7084 5.78099 15.2584
6.14234 15.8821 6.00399 15.4321
6.32706 16.0646 6.18871 15.6146
0.232887 16.2452 0.0945445 15.7952
0.419095 16.4211 0.280753 15.9711
0.604956 16.6053 0.466613 16.1553
0.777232 16.7819 0.638889 16.3319
0.917866 16.9379 0.779523 16.4879
1.06019 17.0969 0.921847 16.6469
1.19907 17.2507 1.06073 16.8007
1.3437 17.4027 1.20536 16.9527
1.4595 17.5603 1.32116 17.1103
1.60255 17.72 1.46421 17.27
1.71436 17.8698 1.57602 17.4198
1.84093 18.0224 1.70258 17.5724
1.94693 18.1735 1.80859 17.7235
2.05189 18.3236 1.91355 17.8736
2.15741 18.4795 2.01907 18.0295
2.26596 18.6384 2.12761 18.1884
2.35989 18.7907 2.22155 18.3407
2.4568 18.951 2.31846 18.501
2.53611 19.1102 2.39777 18.6602
2.62057 19.2613 2.48223 18.8113
2.69704 19.4224 2.5587 18.9724
2.76497 19.5732 2.62663 19.1232
2.83077 19.7251 2.69243 19.2751
2.9033 19.8839 2.76496 19.4339
2.96528 20.0403 2.82694 19.5903
3.01633 20.1982 2.87799 19.7482
3.06386 20.3505 2.92552 19.9005
3.10943 20.501 2.97109 20.051
3.15175 20.6628 3.01341 20.2128
3.18153 20.8129 3.04319 20.3629
3.20809 20.9652 3.06975 20.5152
3.23005 21.121 3.09171 20.671
3.25269 21.2725 3.11435 20.8225
3.26014 21.4264 3.1218 20.9764
3.27256 21.5805 3.13421 21.1305
3.27833 21.7349 3.13999 21.2849
3.27769 21.8918 3.13934 21.4418
3.27495 22.0405 3.13661 21.5905
3.26936 22.1936 3.13101 21.7436
3.26624 22.3494 3.1279 21.8994
3.26224 22.5079 3.1239 22.0579
3.25933 22.6633 3.12099 22.2133
3.25624 22.8144 3.1179 22.3644
3.25373 22.9655 3.11539 22.5155
3.25289 23.1262 3.11455 22.6762
3.25196 23.2741 3.11361 22.8241
3.25215 23.4338 3.11381 22.9838
3.25196 23.5897 3.11362 23.1397
3.25163 23.7416 3.11329 23.2916
3.25207 23.8947 3.11373 23.4447
3.25198 24.0487 3.11364 23.5987
3.25246 24.2097 3.11411 23.7597
3.25222 24.3598 3.11387 23.9098
3.25241 24.5173 3.11407 24.0673
3.25168 24.6663 3.11333 24.2163
3.2512 24.8274 3.11286 24.3774
3.25279 24.996 3.11445 24.546
3.25327 25.1706 3.11493 24.7206
3.25261 25.3453 3.11426 24.8953
3.25299 25.5087 3.11465 25.0587
3.25346 25.6802 3.11512 25.2302
3.25338 25.8336 3.11504 25.3836
3.25514 25.9848 3.11679 25.5348
3.25495 26.1439 3.11661 25.6939
3.2549 26.3016 3.11656 25.8516
3.25532 26.451 3.11698 26.001
3.25536 26.615 3.11701 26.165
3.25581 26.7724 3.11747 26.3224
3.25565 26.9363 3.11731 26.4863
3.25576 27.0911 3.11742 26.6411
3.25589 27.2413 3.11755 26.7913
3.25546 27.4001 3.11711 26.9501
3.25575 27.5641 3.11741 27.1141
3.25562 27.7163 3.11727 27.2663
3.25553 27.8691 3.11719 27.4191
3.25522 28.0296 3.11687 27.5796
3.25456 28.1851 3.11621 27.7351
3.25326 28.3436 3.11491 27.8936
3.2534 28.4976 3.11506 28.0476
3.25355 28.6494 3.11521 28.1994
3.25331 28.8163 3.11497 28.3663
3.25252 28.9745 3.11418 28.5245
3.25253 29.1294 3.11419 28.6794
3.25144 29.2906 3.1131 28.8406
3.25352 29.4419 3.11518 28.9919
3.25166 29.6069 3.11331 29.1569
3.25169 29.7637 3.11335 29.3137
3.25162 29.9181 3.11328 29.4681
3.25747 30.0664 3.11913 29.6164
3.33277 30.2295 3.19443 29.7795
3.4856 30.3994 3.34726 29.9494
3.7093 30.5638 3.57096 30.1138
3.99066 30.7269 3.85231 30.2769
4.32206 30.9051 4.18371 30.4551
6.40596 32.5127 5.51289 32.0627
6.53931 32.7006 5.64624 32.2506
6.6444 32.8662 5.75134 32.4162
6.75029 33.0388 5.85722 32.5888
6.84965 33.2063 5.95659 32.7563
6.93796 33.3899 6.0449 32.9399
7.02294 33.5725 6.12988 33.1225
7.10513 33.7509 6.21206 33.3009
0.914318 33.9345 0.0212538 33.4845
0.988814 34.1081 0.0957494 33.6581
1.06199 34.2942 0.168928 33.8442
1.12606 34.4437 0.232992 33.9937
1.18063 34.6069 0.287562 34.1569
1.23167 34.7635 0.338601 34.3135
1.28418 34.923 0.39112 34.473
1.33977 35.0706 0.446704 34.6206
1.38781 35.2247 0.494743 34.7747
1.42603 35.377 0.532964 34.927
1.46837 35.5364 0.575301 35.0864
1.49051 35.6868 0.59745 35.2368
1.51982 35.8408 0.626752 35.3908
1.54529 36.0016 0.652223 35.5516
1.5667 36.149 0.673636 35.699
1.58447 36.3131 0.691405 35.8631
1.60279 36.466 0.709721 36.016
1.61587 36.6205 0.722801 36.1705
1.62208 36.7797 0.729014 36.3297
1.6248 36.9333 0.731739 36.4833
1.62345 37.087 0.73039 36.637
1.62047 37.2384 0.727401 36.7884
1.61964 37.3908 0.726573 36.9408
1.62061 37.5487 0.72755 37.0987
1.62096 37.7018 0.727891 37.2518
1.62055 37.8581 0.727488 37.4081
1.62005 38.0137 0.726989 37.5637
1.6197 38.1647 0.726632 37.7147
1.62018 38.3182 0.727114 37.8682
1.6197 38.4746 0.726638 38.0246
1.62084 38.6207 0.727775 38.1707
1.62077 38.7776 0.72771 38.3276
1.62089 38.926 0.727824 38.476
1.62007 39.0881 0.727001 38.6381
1.62031 39.2399 0.727241 38.7899
1.62013 39.3957 0.727061 38.9457
1.62046 39.5428 0.727399 39.0928
1.6212 39.697 0.728134 39.247
1.62001 39.8541 0.726947 39.4041
1.62093 40.0061 0.727862 39.5561
1.62126 40.1691 0.728192 39.7191
1.62041 40.3269 0.727344 39.8769
1.62222 40.4873 0.729159 40.0373
1.62301 40.6505 0.729949 40.2005
1.62285 40.8078 0.729784 40.3578
1.62252 40.9535 0.729452 40.5035
1.62299 41.1164 0.729925 40.6664
1.62297 41.262 0.72991 40.812
1.6236 41.424 0.730539 40.974
1.62336 41.5815 0.730291 41.1315
1.62225 41.7411 0.729188 41.2911
1.62262 41.8937 0.729557 41.4437
1.62218 42.0488 0.729119 41.5988
1.6217 42.2027 0.728637 41.7527
1.62182 42.3563 0.728752 41.9063
1.61487 42.5152 0.721808 42.0652
1.61471 42.6672 0.721647 42.2172
1.61435 42.8296 0.721283 42.3796
1.61535 42.9841 0.722288 42.5341
1.61528 43.1387 0.722215 42.6887
1.61471 43.2935 0.721649 42.8435
1.61558 43.4704 0.722513 43.0204
1.61536 43.6448 0.722294 43.1948
1.61471 43.8173 0.721644 43.3673
1.61733 43.9924 0.724265 43.5424
1.61723 44.1464 0.72417 43.6964
1.61748 44.3065 0.724418 43.8565
1.61716 44.4616 0.724094 44.0116
1.61694 44.6165 0.723878 44.1665
1.61799 44.7713 0.72493 44.3213
1.61809 44.9167 0.725022 44.4667
1.61774 45.0774 0.724679 44.6274
1.61785 45.2333 0.724782 44.7833
1.61754 45.3888 0.724474 44.9388
1.61715 45.548 0.72409 45.098
1.61645 45.7004 0.72339 45.2504
1.61607 45.8547 0.723004 45.4047
1.61617 46.008 0.723107 45.558
1.61581 46.1587 0.722745 45.7087
1.61545 46.3241 0.722387 45.8741
1.61477 46.4745 0.72171 46.0245
1.61512 46.626 0.722056 46.176
1.61496 46.7872 0.721897 46.3372
1.61451 46.9388 0.721446 46.4888
1.61498 47.093 0.721917 46.643
1.61478 47.2488 0.721719 46.7988
1.61507 47.4122 0.722007 46.9622
1.6139 47.5625 0.720834 47.1125
1.61429 47.7186 0.721222 47.2686
1.61366 47.8717 0.720591 47.4217
1.61458 48.019 0.721519 47.569
1.61428 48.1796 0.72122 47.7296
1.61574 48.3402 0.722673 47.8902
1.61556 48.4953 0.722491 48.0453
1.6158 48.6755 0.722732 48.2255
1.61622 48.84 0.723153 48.39
1.61571 48.997 0.722647 48.547
1.61543 49.1499 0.722363 48.6999
1.61516 49.3093 0.722097 48.8593
1.61493 49.4654 0.721862 49.0154
1.61454 49.6232 0.721476 49.1732
1.61444 49.7944 0.721373 49.3444
1.61442 49.9673 0.721353 49.5173
1.61457 50.1298 0.721505 49.6798
1.61413 50.2844 0.721067 49.8344
1.61403 50.4418 0.720969 49.9918
1.61379 50.5962 0.720728 50.1462
1.61406 50.7498 0.720991 50.2998
1.61387 50.9192 0.720806 50.4692
1.6133 51.0764 0.720233 50.6264
1.61391 51.2364 0.720846 50.7864
1.61329 51.3882 0.720226 50.9382
1.61256 51.5394 0.719491 51.0894
1.61289 51.6949 0.719826 51.2449
1.61225 51.8485 0.719182 51.3985
1.6108 52.028 0.717736 51.578
1.5788 52.1846 0.685738 51.7346
1.58805 52.3338 0.694984 51.8838
1.59831 52.4898 0.705247 52.0398
6.44311 52.6476 5.55004 52.1976
6.41535 52.7968 5.52229 52.3468
6.41584 52.9576 5.52277 52.5076
6.46536 53.1074 5.5723 52.6574
1.59526 53.2684 0.7022 52.8184
1.58803 53.4245 0.694963 52.9745
1.58545 53.5837 0.692382 53.1337
1.58672 53.7379 0.693659 53.2879
1.58687 53.8989 0.693807 53.4489
1.59019 54.0474 0.697128 53.5974
1.57725 54.2018 0.68419 53.7518
1.59536 54.3519 0.702295 53.9019
1.5908 54.5106 0.697739 54.0606
1.58784 54.6639 0.694776 54.2139
1.58862 54.8282 0.695551 54.3782
1.58819 54.9957 0.695123 54.5457
1.58848 55.1652 0.695416 54.7152
1.60282 55.3354 0.709754 54.8854
1.61268 55.5038 0.719617 55.0538
1.61503 55.6649 0.721967 55.2149
1.6139 55.8429 0.720839 55.3929
1.60893 56.0107 0.715862 55.5607
1.59608 56.183 0.703015 55.733
1.6013 56.3507 0.708238 55.9007
1.60416 56.5271 0.711094 56.0771
1.60379 56.6909 0.710723 56.2409
1.60275 56.8644 0.709684 56.4144
1.60358 57.0269 0.710519 56.5769
1.60312 57.1832 0.710056 56.7332
1.60192 57.3326 0.70886 56.8826
1.60133 57.4876 0.708262 57.0376
1.75563 60.4805 1.31465 60.0305
2.12105 60.6567 1.68007 60.2067
2.42727 60.807 1.9863 60.357
2.72843 60.9613 2.28746 60.5113
2.96536 61.1202 2.52438 60.6702
3.143 61.2807 2.70203 60.8307
3.21567 61.4309 2.7747 60.9809
3.26118 61.587 2.8202 61.137
3.31193 61.743 2.87095 61.293
3.40705 61.8954 2.96607 61.4454
3.56755 62.0512 3.12657 61.6012
3.77707 62.2055 3.33609 61.7555
4.04333 62.3607 3.60236 61.9107
4.37422 62.5185 3.93324 62.0685
4.71882 62.677 4.27784 62.227
5.05526 62.8234 4.61429 62.3734
5.38612 62.979 4.94515 62.529
5.64715 63.1408 5.20617 62.6908
5.81858 63.2972 5.37761 62.8472
5.90755 63.4528 5.46658 63.0028
5.94137 63.6006 5.5004 63.1506
5.98799 63.7562 5.54701 63.3062
6.0734 63.9153 5.63243 63.4653
6.21569 64.0748 5.77471 63.6248
6.40483 64.2304 5.96385 63.7804
6.65182 64.3823 6.21085 63.9323
0.636097 64.5334 0.195121 64.0834
0.968101 64.6883 0.527125 64.2383
1.37168 64.8657 0.930702 64.4157
1.77371 65.0412 1.33274 64.5912
2.08375 65.2285 1.64278 64.7785
2.24546 65.4034 1.80448 64.9534
2.32326 65.5543 1.88228 65.1043
2.35506 65.7078 1.91409 65.2578
2.39756 65.8629 1.95659 65.4129
2.48696 66.02 2.04599 65.57
2.63128 66.1782 2.1903 65.7282
2.83168 66.3317 2.39071 65.8817
3.06187 66.4848 2.6209 66.0348
