1.01799 0.45 0.600835 0
1.2432 0.62659 0.826049 0.176589
1.51822 0.789608 1.10106 0.339607
1.79011 0.937747 1.37295 0.487746
2.14054 1.09395 1.72338 0.64395
2.5205 1.25445 2.10334 0.804449
2.85414 1.40488 2.43698 0.954883
3.13208 1.56586 2.71493 1.11586
3.32724 1.73134 2.91008 1.28134
3.41867 1.8789 3.00152 1.4289
3.44797 2.03852 3.03082 1.58852
3.48898 2.19469 3.07183 1.74469
3.54957 2.35634 3.13241 1.90634
3.66875 2.51252 3.2516 2.06252
3.85631 2.67061 3.43916 2.22061
4.08648 2.82469 3.66932 2.37469
4.38123 2.97653 3.96407 2.52653
4.72539 3.14055 4.30824 2.69055
5.07756 3.2889 4.66041 2.8389
5.43306 3.44415 5.01591 2.99415
5.74167 3.59761 5.32452 3.14761
5.95877 3.74913 5.54162 3.29913
6.08286 3.90503 5.66571 3.45503
6.14749 4.05409 5.73034 3.60408
6.17959 4.2163 5.76243 3.7663
6.22173 4.37413 5.80458 3.92413
6.32177 4.52991 5.90462 4.07991
6.47489 4.6882 6.05773 4.2382
6.6768 4.83699 6.25964 4.38699
0.63558 4.99215 0.218425 4.54215
0.947279 5.15823 0.530124 4.70823
1.34434 5.3444 0.927184 4.8944
1.69701 5.48715 1.27986 5.03715
2.0461 5.65238 1.62895 5.20238
2.28937 5.80641 1.87222 5.35641
2.44231 5.96172 2.02516 5.51172
2.52814 6.11835 2.11099 5.66835
2.56005 6.27028 2.1429 5.82028
2.59434 6.4243 2.17719 5.9743
2.66979 6.58181 2.25264 6.13181
2.82146 6.73628 2.4043 6.28628
2.99964 6.89786 2.58248 6.44786
3.25725 7.05383 2.8401 6.60383
3.54977 7.21439 3.13261 6.76439
3.88205 7.36557 3.46489 6.91557
4.25081 7.52046 3.83366 7.07046
4.58282 7.66865 4.16566 7.21865
4.87657 7.8188 4.45942 7.3688
5.1398 8.007 4.72265 7.557
5.27385 8.15706 4.8567 7.70706
5.36963 8.31084 4.95248 7.86084
5.42441 8.46049 5.00726 8.01049
5.50552 8.62439 5.08836 8.17439
5.6017 8.77428 5.18455 8.32428
5.7625 8.92775 5.34534 8.47775
5.9701 9.08595 5.55295 8.63595
6.21554 9.23988 5.79839 8.78988
6.50782 9.39013 6.09066 8.94013
0.548164 9.54541 0.13101 9.09541
0.892237 9.70148 0.475082 9.25148
1.17708 9.8518 0.759926 9.4018
1.48202 10.0142 1.06486 9.56421
1.70599 10.165 1.28883 9.71496
1.86284 10.3241 1.44569 9.87412
1.93365 10.4765 1.51649 10.0265
1.97609 10.6309 1.55894 10.1809
2.04975 10.785 1.63259 10.335
2.16838 10.9427 1.75123 10.4927
2.32802 11.0907 1.91087 10.6407
2.54162 11.247 2.12447 10.797
2.78674 11.3939 2.36958 10.9439
3.12093 11.5526 2.70378 11.1026
3.44578 11.7101 3.02862 11.2601
3.8016 11.8596 3.38445 11.4096
4.1004 12.0148 3.68324 11.5648
4.38382 12.1771 3.96666 11.7271
4.55677 12.3299 4.13961 11.8799
4.65013 12.4773 4.23298 12.0273
4.69881 12.6366 4.28165 12.1866
4.7464 12.786 4.32924 12.336
4.85109 12.9416 4.43394 12.4916
5.01411 13.1004 4.59696 12.6504
5.22511 13.254 4.80796 12.804
