3.73239 0.45 3.22141 0
4.0701 0.628648 3.55653 0.178648
3.82465 0.797873 3.72297 0.347872
4.0183 0.971918 3.82055 0.521918
4.02361 1.15637 3.85906 0.706373
4.10027 1.3768 3.93571 0.926801
4.28325 1.58734 4.11869 1.13734
4.55312 1.79293 4.38857 1.34293
4.94567 2.00571 4.78112 1.55571
5.39979 2.22007 5.23523 1.77007
5.89583 2.43413 5.73128 1.98413
6.31461 2.65797 6.15005 2.20797
0.245522 2.83387 0.0809671 2.38387
0.886722 3.54436 0.568679 3.09436
1.22587 3.75554 0.74992 3.30554
1.44688 3.92083 0.970931 3.47083
1.73517 4.08829 1.25923 3.63829
2.04485 4.25202 1.5689 3.80202
2.44224 4.42756 1.96629 3.97756
3.5319 5.21246 3.25842 4.76246
3.62552 5.38814 3.35204 4.93814
3.69587 5.54778 3.42239 5.09778
3.81543 5.71475 3.54195 5.26475
4.12834 5.87999 3.72158 5.42999
4.51892 6.04309 3.96355 5.59309
4.8993 6.22213 4.28389 5.77213
5.27764 6.40109 4.66224 5.95109
5.6753 6.58312 5.0599 6.13312
6.08829 6.76774 5.47288 6.31774
6.55808 6.94338 5.78392 6.49338
6.67912 7.13226 6.01929 6.68226
6.81034 7.33007 6.15051 6.88007
6.86539 7.52251 6.20556 7.07251
6.94141 7.71111 6.28158 7.26111
0.822514 7.91064 0.162682 7.46064
2.71422 8.82688 1.87023 8.37688
3.13697 9.01146 2.26249 8.56146
3.3324 9.18225 2.45792 8.73225
3.45103 9.35185 2.57656 8.90185
3.49226 9.51189 2.61778 9.06189
3.54347 9.68758 2.66899 9.23758
5.09693 10.6181 3.95563 10.1681
5.73108 10.7883 4.37335 10.3383
5.98772 10.9649 4.7701 10.5149
5.76706 11.1371 5.06997 10.6871
5.8036 11.3056 5.26243 10.8556
5.8379 11.4901 5.34891 11.0401
5.49797 11.6761 5.3938 11.2261
5.61525 11.8636 5.46352 11.4136
6.08791 12.0697 5.62167 11.6197
6.33167 12.2734 5.86543 11.8234
6.68186 12.4776 6.21562 12.0276
0.826472 12.6904 0.360231 12.2404
1.28683 12.8967 0.820584 12.4467
1.76752 13.1202 1.30128 12.6702
2.05413 13.3339 1.58789 12.8839
2.20314 13.5392 1.7369 13.0892
2.26507 13.7694 1.79883 13.3194
2.341 13.9775 1.87476 13.5275
2.52965 14.2003 2.06341 13.7503
2.81155 14.4135 2.34531 13.9635
3.19102 14.6265 2.72478 14.1765
3.62136 14.8304 3.15512 14.3804
4.09133 15.0304 3.62509 14.5804
4.52004 15.2407 4.0538 14.7907
4.82114 15.444 4.35489 14.994
5.01277 15.6461 4.54653 15.1961
5.10557 15.8627 4.63933 15.4127
5.19999 16.0713 4.73375 15.6213
5.37775 16.2866 4.91151 15.8366
5.67646 16.5363 5.21021 16.0863
6.10451 16.7781 5.63827 16.3281
6.58589 17.0168 6.11965 16.5668
0.746561 17.228 0.28032 16.778
1.08973 17.4338 0.623485 16.9838
1.38557 17.637 0.91933 17.187
1.58118 17.8413 1.11493 17.3913
1.66873 18.0436 1.20249 17.5936
1.79738 18.2544 1.33114 17.8044
1.99035 18.4572 1.52411 18.0072
2.2447 18.6635 1.77846 18.2135
2.57508 18.8663 2.10884 18.4163
2.97099 19.0726 2.50475 18.6226
3.43113 19.2756 2.96489 18.8256
3.84406 19.4888 3.37782 19.0388
4.17206 19.6951 3.70582 19.2451
4.41018 19.9016 3.94394 19.4516
4.51383 20.1122 4.04759 19.6622
4.62165 20.3161 4.15541 19.8661
4.78724 20.5214 4.32099 20.0714
5.05152 20.7383 4.58528 20.2883
5.39818 20.9562 4.93194 20.5062
5.80391 21.1663 5.33767 20.7163
6.26347 21.3866 5.79723 20.9366
