5.30597 0.45 5.02497 0
5.3257 0.710444 5.0447 0.260444
5.32388 0.867195 5.04288 0.417195
5.17179 1.02197 5.0421 0.571973
5.17916 1.17876 5.04185 0.728756
5.1759 1.35127 5.04258 0.901273
5.16655 1.50342 5.04115 1.05342
5.15028 1.707 5.03955 1.257
5.13178 1.88339 5.03946 1.43339
5.11654 2.0809 5.03897 1.6309
5.10468 2.27484 5.04063 1.82484
5.09689 2.47737 5.04141 2.02737
5.09642 2.6841 5.04094 2.2341
5.09654 2.90906 5.04106 2.45906
5.09709 3.12421 5.0416 2.67421
5.09668 3.32285 5.04119 2.87285
5.09619 3.53927 5.0407 3.08927
5.09668 3.75083 5.0412 3.30083
5.09362 3.95031 5.03814 3.50031
5.09293 4.17977 5.03745 3.72977
5.09806 4.37937 5.04257 3.92937
5.09896 4.60018 5.04348 4.15018
5.09994 4.80479 5.04445 4.35479
5.10047 5.00554 5.04498 4.55554
5.09998 5.22304 5.04449 4.77304
5.10015 5.43749 5.04466 4.98749
5.10012 5.6488 5.04464 5.1988
5.09944 5.85881 5.04395 5.40881
