5.11392 0.45 5.03897 0
5.0639 0.602025 5.0352 0.152025
5.06859 0.735259 5.03849 0.285259
5.04363 0.918385 5.03543 0.468385
5.0386 1.08122 5.03521 0.631219
5.04269 1.25803 5.03905 0.808028
5.03767 1.449 5.03533 0.998996
5.04197 1.64749 5.03824 1.19749
5.04279 1.84394 5.03873 1.39394
5.04302 2.06014 5.03895 1.61014
5.0423 2.25854 5.03823 1.80854
5.03909 2.46483 5.03503 2.01483
5.03931 2.66857 5.03525 2.21857
5.04216 2.88896 5.0381 2.43896
5.04203 3.0907 5.03797 2.6407
5.04215 3.31113 5.03809 2.86113
5.05513 3.91676 5.03487 3.46676
5.04284 4.09751 5.03495 3.64751
5.03628 4.25805 5.035 3.80805
5.03796 4.42094 5.03504 3.97094
5.03749 4.60025 5.03495 4.15025
5.05222 4.79062 5.03884 4.34062
5.0407 4.98468 5.03911 4.53468
5.0396 5.16106 5.03875 4.71106
5.04123 5.35806 5.03891 4.90806
5.04117 5.59276 5.03885 5.14276
5.04048 5.79579 5.03816 5.34579
5.04069 5.98306 5.03872 5.53306
5.03714 6.19646 5.03518 5.74646
5.04085 6.4076 5.03888 5.9576
