1.40239 0.3 1.17297 0
1.40239 0.3 1.17297 0
1.40239 0.3 1.17297 0
0.830064 0.357574 0.975891 0.0575736
0.890313 0.37103 1.12197 0.0710299
1.21386 0.390767 1.29825 0.0907671
1.66139 0.42187 1.45071 0.12187
1.78827 0.437719 1.36582 0.137719
1.62642 0.455545 1.16316 0.155545
1.67464 0.464577 1.32864 0.164577
1.35159 0.488636 0.956421 0.188636
1.30738 0.512977 1.17829 0.212977
1.40954 0.529316 1.34017 0.229316
1.28671 0.549305 1.09668 0.249305
1.32988 0.55887 1.28331 0.25887
1.39966 0.589677 1.32668 0.289677
1.32311 0.606462 1.14931 0.306462
1.30098 0.625744 1.20823 0.325744
1.26515 0.638088 1.17849 0.338089
1.11034 0.652832 0.948356 0.352832
0.981944 0.673485 0.94892 0.373485
1.11115 0.68417 1.40418 0.38417
1.08011 0.693724 1.1119 0.393724
1.01498 0.714161 1.03174 0.414161
1.05701 0.732726 1.24847 0.432726
1.01864 0.74924 1.07246 0.44924
1.063 0.759215 1.25692 0.459215
1.17267 0.778838 1.44477 0.478838
1.19191 0.794828 1.24721 0.494828
1.13624 0.808944 1.04785 0.508944
1.04131 0.824585 0.911302 0.524585
0.940754 0.8332 0.846979 0.5332
0.901437 0.850845 0.999842 0.550845
0.983149 0.860343 1.34838 0.560343
0.999772 0.873641 1.18132 0.573641
1.11319 0.890194 1.52975 0.590194
1.13821 0.914206 1.25636 0.614206
1.08559 0.931314 0.9908 0.631314
1.12064 0.941544 1.28233 0.641544
1.07918 0.957254 1.00848 0.657254
1.12333 0.976268 1.3236 0.676268
1.19011 1.0013 1.41731 0.7013
1.20425 1.0162 1.2459 0.716201
1.21313 1.02519 1.23413 0.725189
1.16155 1.04259 0.983789 0.742589
1.13045 1.06386 1.04863 0.763864
1.07498 1.08325 0.933309 0.783248
1.10382 1.09391 1.26556 0.793907
1.11789 1.10876 1.22346 0.808755
1.15254 1.12272 1.33501 0.822725
1.1605 1.14611 1.21613 0.846111
1.16209 1.16248 1.18647 0.862481
1.19691 1.17116 1.36345 0.871165
1.17627 1.18155 1.07837 0.881555
1.20347 1.20437 1.33811 0.904366
1.22139 1.22008 1.30043 0.920083
1.19154 1.22916 1.02676 0.929161
1.19807 1.24871 1.23314 0.94871
1.16316 1.26267 0.977225 0.962672
1.128 1.27541 0.951231 0.975406
1.09254 1.28449 0.918968 0.984488
1.08404 1.30573 1.09417 1.00573
1.08572 1.32621 1.15711 1.02621
1.08667 1.3419 1.14775 1.0419
1.10902 1.35583 1.29998 1.05583
1.1377 1.36662 1.35564 1.06662
1.16653 1.39493 1.38628 1.09493
1.16915 1.40714 1.19699 1.10714
1.1773 1.43391 1.24197 1.13391
1.14349 1.44161 0.914877 1.14161
1.13216 1.45945 1.07529 1.15945
1.12221 1.46733 1.07175 1.16733
1.11955 1.49088 1.13557 1.19088
1.11311 1.49757 1.0897 1.19757
1.09847 1.51277 1.01485 1.21277
1.12153 1.52254 1.35334 1.22254
1.10441 1.53193 0.980543 1.23193
1.12845 1.5415 1.36385 1.2415
1.12165 1.55508 1.1014 1.25508
1.13722 1.56643 1.29952 1.26643
1.16485 1.5798 1.47248 1.2798
1.15492 1.59049 1.05676 1.29049
1.17533 1.59996 1.40619 1.29996
1.15415 1.60951 0.92081 1.30951
1.14777 1.62483 1.08552 1.32483
1.14204 1.63453 1.08604 1.33453
1.13096 1.65696 1.04384 1.35696
1.13205 1.6795 1.16938 1.3795
1.11408 1.69046 0.928032 1.39046
1.1188 1.70476 1.201 1.40476
1.11291 1.72517 1.07201 1.42517
1.12281 1.75016 1.26768 1.45016
1.14113 1.75905 1.35603 1.45905
1.13185 1.78642 1.02722 1.48642
1.13373 1.8013 1.17169 1.5013
1.12624 1.81711 1.08005 1.51711
1.13714 1.82608 1.25974 1.52608
1.14069 1.84804 1.20117 1.54804
1.15314 1.86652 1.33738 1.56652
1.14613 1.88906 1.05051 1.58906
1.13801 1.90384 1.02474 1.60384
1.12715 1.91201 1.02146 1.61201
1.12877 1.92349 1.16382 1.62349
1.12284 1.94993 1.05245 1.64993
1.12284 1.94993 1.05245 1.64993
1.12293 1.97672 1.13846 1.67672
1.12052 1.98686 1.09517 1.68686
1.14261 2.01191 1.44079 1.71191
1.16035 2.01827 1.46299 1.71827
1.17468 2.03875 1.41768 1.73875
1.18199 2.05005 1.30637 1.75005
1.18505 2.07165 1.23132 1.77165
1.18806 2.07812 1.20804 1.77812
1.18062 2.09403 1.05948 1.79403
1.18062 2.09403 1.05948 1.79403
1.16712 2.12084 0.89769 1.82084
1.15199 2.12906 0.847087 1.82906
1.15047 2.13993 1.11708 1.83993
1.15236 2.15809 1.18773 1.85809
1.14988 2.17472 1.09242 1.87472
1.15338 2.18947 1.22533 1.88947
1.14969 2.20686 1.06161 1.90686
1.15668 2.22539 1.30867 1.92539
1.15603 2.23918 1.13426 1.93918
1.15873 2.26604 1.21109 1.96604
1.15856 2.2817 1.14623 1.9817
1.15341 2.29415 1.01838 1.99415
1.14338 2.30318 0.97835 2.00318
1.13493 2.33029 0.935668 2.03029
1.13041 2.34256 1.02157 2.04256
1.12678 2.35572 1.03588 2.05572
1.1265 2.36394 1.11674 2.06394
1.12176 2.38572 0.994761 2.08572
1.12725 2.39946 1.26032 2.09946
1.12753 2.4143 1.12588 2.1143
1.13221 2.43082 1.24556 2.13082
1.13601 2.45118 1.22364 2.15118
1.1292 2.46213 0.931235 2.16213
1.13245 2.48506 1.20406 2.18506
1.13064 2.50203 1.06235 2.20203
1.12869 2.52075 1.0522 2.22075
1.13048 2.53577 1.16566 2.23577
1.12817 2.55559 1.03424 2.25559
1.1243 2.56389 0.990019 2.26389
1.12741 2.59161 1.18834 2.29161
1.13187 2.61077 1.23439 2.31077
1.11883 2.62026 0.965222 2.32026
1.13187 2.63132 1.29161 2.33132
1.12385 2.65351 1.01114 2.35351
1.13048 2.67571 1.20469 2.37571
1.13048 2.67571 1.20469 2.37571
1.13409 2.69463 1.11233 2.39463
1.14197 2.70521 1.39686 2.40521
1.14197 2.70521 1.39686 2.40521
1.14197 2.70521 1.39686 2.40521
1.14197 2.70521 1.39686 2.40521
1.14197 2.70521 1.39686 2.40521
1.14991 2.79747 1.19242 2.49747
1.15125 2.81502 1.18421 2.51502
1.16032 2.83212 1.27639 2.53212
1.16505 2.84132 1.26935 2.54132
1.16795 2.86578 1.14821 2.56578
1.16899 2.88563 1.15459 2.58563
1.16194 2.90498 0.963232 2.60498
1.16334 2.92063 1.13951 2.62063
1.1625 2.93577 1.15284 2.63577
1.15858 2.94947 0.99767 2.64947
1.16672 2.96502 1.37274 2.66502
1.17314 2.98553 1.29547 2.68553
1.16759 2.9957 0.966207 2.6957
1.17739 3.00505 1.24466 2.70505
1.17134 3.02297 0.887018 2.72297
1.1661 3.03766 1.07961 2.73766
1.1588 3.0506 1.15958 2.7506
1.14728 3.05976 0.95628 2.75976
1.14524 3.08348 1.04043 2.78348
1.14102 3.09505 1.14306 2.79505
1.144 3.10884 1.0157 2.80884
1.15213 3.11946 1.38662 2.81946
1.15601 3.13506 1.29748 2.83506
1.15787 3.1463 1.12591 2.8463
1.15696 3.1543 1.21614 2.8543
1.15129 3.16871 1.07285 2.86871
1.15031 3.17792 1.07764 2.87792
1.1516 3.18803 1.21931 2.88803
1.15129 3.19596 1.13386 2.89596
1.15937 3.20876 1.21206 2.90876
1.17226 3.23567 1.37183 2.93567
1.16386 3.24571 1.05309 2.94571
1.16386 3.24571 1.05309 2.94571
1.16856 3.26852 1.23713 2.96852
1.17753 3.32073 1.28053 3.02073
1.17758 3.34088 1.21097 3.04088
1.17439 3.35968 0.915267 3.05968
1.17295 3.37238 1.17223 3.07238
1.16543 3.41496 1.10673 3.11496
1.1682 3.4405 1.31471 3.1405
1.17806 3.45564 1.3923 3.15564
1.18831 3.46714 1.27475 3.16714
1.19594 3.48481 1.01507 3.18481
1.19585 3.50475 0.974646 3.20475
1.19735 3.51346 1.36465 3.21346
1.19039 3.52206 0.935026 3.22206
1.18095 3.53822 1.22885 3.23822
1.18994 3.55354 1.58577 3.25354
1.19968 3.56323 1.19849 3.26323
1.20096 3.5799 1.30519 3.2799
1.20434 3.60123 1.11729 3.30123
1.19226 3.62497 0.927668 3.32497
1.18066 3.63487 1.08764 3.33487
1.17106 3.6558 0.874353 3.3558
1.17023 3.68671 1.20035 3.38671
1.17622 3.70982 1.2132 3.40982
1.17626 3.71907 1.04813 3.41907
1.18449 3.73821 1.25148 3.43821
1.17949 3.76441 1.07442 3.46441
1.1744 3.78008 1.02624 3.48008
1.16606 3.78789 1.00898 3.48789
1.15935 3.81074 0.953175 3.51074
1.1501 3.82691 0.862755 3.52691
1.13803 3.84598 0.935726 3.54598
1.14578 3.85585 1.33789 3.55585
1.14899 3.87727 1.41287 3.57727
1.15158 3.89777 1.41105 3.59777
1.15728 3.91807 1.26336 3.61807
1.15561 3.92843 1.17388 3.62843
1.15973 3.94653 1.15206 3.64653
1.16391 3.96583 1.12844 3.66583
1.16839 3.98086 1.10405 3.68086
1.16139 3.9909 0.808403 3.6909
1.15239 4.01426 0.800234 3.71426
1.1436 4.03468 0.831155 3.73468
1.13332 4.04896 0.91856 3.74896
1.12952 4.05987 1.19957 3.75987
1.12404 4.07994 1.16554 3.77994
1.12537 4.10048 1.23206 3.80048
1.12999 4.12147 1.393 3.82147
1.13821 4.13305 1.22034 3.83305
1.14484 4.14221 1.31618 3.84221
1.15398 4.15909 1.40545 3.85909
1.15323 4.17331 1.11021 3.87331
1.14612 4.18918 0.832502 3.88918
1.14513 4.20268 0.980179 3.90268
1.13699 4.21526 1.03752 3.91526
1.14107 4.23238 1.12912 3.93238
1.14041 4.24905 1.32495 3.94905
1.14363 4.26388 1.2179 3.96388
1.13775 4.28011 1.07456 3.98011
1.13171 4.3022 1.21635 4.0022
1.13075 4.31958 1.01053 4.01958
1.12826 4.33061 1.31521 4.03061
1.13441 4.34545 1.17877 4.04545
1.13409 4.36698 1.06916 4.06698
1.14015 4.38273 1.34938 4.08273
1.14231 4.40005 1.13381 4.10005
1.14145 4.40802 1.13436 4.10802
1.15289 4.42918 1.32877 4.12918
1.14707 4.43788 0.983447 4.13788
1.14707 4.43788 0.983447 4.13788
1.1479 4.47371 1.10082 4.17371
1.13946 4.49204 0.964619 4.19204
1.1354 4.5098 1.19167 4.2098
1.14054 4.52371 1.24623 4.22371
1.14223 4.53927 1.24894 4.23927
1.14575 4.56257 1.17115 4.26257
1.14464 4.5828 1.2215 4.2828
1.14512 4.5898 1.22206 4.2898
1.14325 4.60134 1.27325 4.30134
1.14736 4.61977 1.21459 4.31977
1.15158 4.63057 1.19067 4.33057
1.15549 4.63784 1.1734 4.33784
1.14854 4.66335 0.912634 4.36335
1.15383 4.67404 1.25471 4.37404
1.15004 4.68209 0.999226 4.38209
1.1532 4.70848 1.21845 4.40848
1.14635 4.73977 1.1922 4.43977
1.13895 4.7508 1.19754 4.4508
1.13206 4.75814 1.1717 4.45814
1.13206 4.75814 1.1717 4.45814
1.12894 4.82008 1.23461 4.52008
1.12106 4.82771 0.954239 4.52771
1.12028 4.84552 1.1984 4.54552
1.12798 4.86545 1.363 4.56545
1.13147 4.88614 1.04548 4.58614
1.14284 4.89463 1.27384 4.59463
1.13966 4.9195 1.0154 4.6195
1.1281 4.93285 0.770932 4.63285
1.12365 4.9469 0.932942 4.6469
1.11168 4.96663 0.78829 4.66663
1.10691 4.98333 0.882568 4.68333
1.10216 4.99992 1.13122 4.69992
1.10555 5.01699 1.25427 4.71699
1.10428 5.03777 1.15958 4.73777
1.11139 5.05071 1.40471 4.75071
1.1154 5.06739 1.16108 4.76739
1.12361 5.08017 1.27335 4.78017
1.14426 5.09569 1.6573 4.79569
1.1466 5.10723 1.10852 4.80723
1.15861 5.11805 1.54151 4.81805
1.16311 5.13462 1.24168 4.83462
1.1615 5.1475 0.975758 4.8475
1.15961 5.15664 1.18603 4.85664
1.15493 5.17381 0.920459 4.87381
1.14514 5.19986 0.829173 4.89986
1.14315 5.209 1.14092 4.909
1.14328 5.21828 0.980891 4.91828
1.1446 5.23384 1.18867 4.93384
1.14958 5.25329 1.25905 4.95329
1.15334 5.26396 1.19811 4.96396
1.15358 5.27289 1.1722 4.97289
1.15804 5.29389 1.20632 4.99389
1.16492 5.30204 1.21722 5.00204
1.16323 5.31267 1.15948 5.01267
1.16095 5.32253 1.14005 5.02253
1.16655 5.36485 1.11635 5.06485
1.16049 5.37305 1.10752 5.07305
1.16378 5.38481 1.08332 5.08481
1.16169 5.39362 1.1243 5.09362
1.16131 5.43066 1.08529 5.13066
1.158 5.44536 1.32109 5.14536
1.15951 5.46361 1.25924 5.16361
1.16481 5.47764 1.31681 5.17764
1.15942 5.49193 1.08598 5.19193
1.15457 5.508 1.10052 5.208
1.15204 5.53002 1.10546 5.23002
1.14773 5.54341 0.981979 5.24341
1.15588 5.55384 1.29875 5.25384
1.15165 5.56431 0.966677 5.26431
1.14762 5.58169 0.988815 5.28169
1.14598 5.58872 0.942623 5.28872
1.13528 5.60191 0.979977 5.30191
1.13325 5.61694 1.21723 5.31694
1.13204 5.6286 0.925433 5.3286
1.12894 5.64278 1.12795 5.34278
1.13723 5.6638 1.18115 5.3638
1.13703 5.67739 1.06489 5.37739
1.14152 5.68775 1.31213 5.38775
1.15367 5.70856 1.37827 5.40856
1.15379 5.73567 1.0329 5.43567
1.15341 5.74968 1.11923 5.44968
1.15758 5.76077 1.15155 5.46077
1.14505 5.78671 0.93561 5.48671
1.13761 5.80529 1.02996 5.50529
1.13715 5.82795 1.09812 5.52795
1.12631 5.83848 0.835689 5.53848
1.1275 5.85952 1.09705 5.55952
1.13271 5.8797 1.237 5.5797
1.13254 5.90035 1.19989 5.60035
1.14206 5.91358 1.44227 5.61358
1.14642 5.92845 1.35142 5.62845
1.14585 5.94827 1.35314 5.64827
1.15154 5.96078 1.23689 5.66078
1.14931 5.97951 1.16395 5.67951
1.15325 5.99442 1.41122 5.69442
1.15556 6.01113 1.2926 5.71113
1.16615 6.01945 1.27108 5.71945
1.16743 6.03961 1.22112 5.73961
1.16653 6.05119 1.08604 5.75119
1.16064 6.07264 1.12615 5.77264
1.15339 6.08072 1.15578 5.78072
1.14863 6.10232 1.13303 5.80232
1.15287 6.1128 1.17252 5.8128
1.15121 6.12686 0.940445 5.82686
1.14641 6.13804 1.21108 5.83804
1.15306 6.16484 1.17529 5.86484
1.1516 6.17417 1.19015 5.87417
1.14223 6.18916 1.28663 5.88916
1.14189 6.20661 1.21091 5.90661
1.13697 6.22479 1.17003 5.92479
1.13409 6.23889 1.04997 5.93889
1.13668 6.25975 1.04586 5.95975
1.14185 6.27558 1.2767 5.97558
1.15608 6.28995 1.36097 5.98995
1.15507 6.30416 1.18541 6.00416
1.15873 6.31955 1.35075 6.01955
1.15437 6.3291 0.931686 6.0291
1.15073 6.35505 1.15778 6.05505
1.15396 6.36345 1.20166 6.06345
1.15907 6.38401 1.22392 6.08401
1.16843 6.39573 1.33815 6.09573
1.17586 6.4207 1.23043 6.1207
1.18603 6.42827 1.22291 6.12827
1.18837 6.45349 1.04428 6.15349
1.18398 6.4678 1.20408 6.1678
1.177 6.49571 1.20346 6.19571
1.17102 6.50276 1.22689 6.20276
1.16922 6.52168 1.23406 6.22168
1.16056 6.53197 0.922603 6.23197
1.152 6.5585 0.917964 6.2585
1.15504 6.57584 1.25815 6.27584
1.15619 6.58751 1.17101 6.28751
1.17331 6.60613 1.40697 6.30613
1.18604 6.61772 1.25473 6.31772
1.199 6.63653 1.29374 6.33653
1.2088 6.64355 1.26756 6.34355
1.20881 6.66541 1.22211 6.36541
1.20792 6.67255 1.15685 6.37255
1.19487 6.68266 1.01822 6.38266
1.18725 6.69987 1.14392 6.39987
1.17995 6.71634 0.981185 6.41634
1.17694 6.73703 1.24846 6.43703
1.17164 6.74555 1.10194 6.44555
1.16895 6.76523 1.1826 6.46523
1.1735 6.78001 1.03977 6.48001
1.17199 6.80759 0.964803 6.50759
1.16828 6.81509 0.914529 6.51509
1.16986 6.83052 1.21367 6.53052
1.16986 6.83052 1.21367 6.53052
1.16953 6.87494 1.37748 6.57494
1.1728 6.88992 1.3743 6.58992
1.17235 6.90222 1.08598 6.60222
1.16721 6.91343 1.05978 6.61343
1.16294 6.93876 0.89428 6.63876
1.15071 6.95966 0.911066 6.65966
1.1478 6.97181 1.10003 6.67181
1.14993 6.98413 1.16948 6.68413
1.14131 6.99287 1.06479 6.69287
1.14878 7.01726 1.44448 6.71726
1.15287 7.03071 1.31303 6.73071
1.14607 7.04877 1.12585 6.74877
1.1511 7.06482 1.19353 6.76482
1.14596 7.08691 0.953366 6.78691
1.15029 7.09686 1.13985 6.79686
1.14565 7.11887 1.05846 6.81887
1.13943 7.13231 1.04902 6.83231
1.13802 7.14642 1.22665 6.84642
1.1317 7.1564 0.96495 6.8564
1.13308 7.17282 1.29968 6.87282
1.13247 7.18041 1.22319 6.88041
1.12598 7.19634 1.07163 6.89634
1.12454 7.21201 1.19318 6.91201
1.12524 7.22428 1.24425 6.92428
1.12682 7.2328 1.25611 6.9328
1.13758 7.24923 1.32579 6.94923
1.13595 7.26487 1.22978 6.96487
1.13694 7.27699 1.0554 6.97699
1.13131 7.29599 1.04826 6.99599
1.12607 7.30923 1.02866 7.00923
1.12082 7.31802 1.02913 7.01802
1.11668 7.33039 1.04431 7.03039
1.1121 7.34856 1.09084 7.04856
1.10946 7.36546 0.876776 7.06546
1.115 7.37657 1.40848 7.07657
1.10044 7.38922 0.986329 7.08922
1.11292 7.39755 1.37235 7.09755
1.10173 7.42458 1.0255 7.12458
1.10809 7.43645 1.23698 7.13645
1.12692 7.44599 1.34308 7.14599
1.13359 7.45632 1.17939 7.15632
1.15537 7.49246 1.5734 7.19246
1.15824 7.51166 0.962418 7.21166
1.15813 7.52495 1.12461 7.22495
1.15145 7.54015 1.03164 7.24015
1.15086 7.56454 1.1302 7.26454
1.14585 7.58838 1.21592 7.28838
1.14035 7.60267 0.960745 7.30267
1.14211 7.6187 1.32904 7.3187
1.11994 7.62895 0.85938 7.32895
1.12825 7.64484 1.40475 7.34484
1.12322 7.65443 1.36379 7.35443
1.12247 7.6661 1.27328 7.3661
1.13184 7.67611 1.29293 7.37611
1.12921 7.69993 1.12038 7.39993
1.13657 7.70935 1.14875 7.40935
1.14714 7.72034 1.212 7.42034
1.15066 7.73549 1.26733 7.43549
1.15641 7.76471 1.18438 7.46471
1.15644 7.7732 1.18856 7.4732
1.15079 7.78522 1.05678 7.48522
1.14411 7.8001 0.958007 7.5001
1.13969 7.8171 1.01081 7.5171
1.14081 7.82979 1.24202 7.52979
1.13364 7.83989 0.958778 7.53989
1.13345 7.85557 1.14674 7.55557
1.13014 7.87155 1.01482 7.57155
1.12349 7.89044 1.01701 7.59044
1.13242 7.90043 1.26411 7.60043
1.13667 7.92179 1.21647 7.62179
1.14084 7.94135 1.25435 7.64135
1.14213 7.95572 1.11586 7.65572
1.12761 7.97252 0.946278 7.67252
1.12209 7.99228 1.06886 7.69228
1.11637 8.00721 1.1175 7.70721
1.11686 8.01582 1.09342 7.71582
1.1138 8.03828 0.994625 7.73828
1.1145 8.05347 1.11037 7.75347
1.11003 8.06251 0.837736 7.76251
1.1064 8.07326 1.15071 7.77326
1.11922 8.09602 1.33711 7.79602
1.11897 8.10524 0.965173 7.80524
1.13398 8.11385 1.38292 7.81385
1.13679 8.12516 1.04109 7.82516
1.14057 8.14549 1.28304 7.84549
1.16259 8.15458 1.47992 7.85458
1.16259 8.15458 1.47992 7.85458
1.16259 8.15458 1.47992 7.85458
1.16259 8.15458 1.47992 7.85458
1.16259 8.15458 1.47992 7.85458
1.15825 8.23577 0.990128 7.93577
1.15645 8.25744 1.08142 7.95744
1.16099 8.27455 1.15938 7.97455
1.15676 8.28186 1.14834 7.98186
1.15775 8.30154 1.24058 8.00154
1.15157 8.3215 0.932199 8.0215
1.14965 8.33918 1.02334 8.03918
1.15345 8.35365 1.22123 8.05365
1.15996 8.37261 1.09603 8.07261
1.16742 8.38437 1.21702 8.08437
1.17086 8.39933 1.15851 8.09933
1.17544 8.41348 0.950764 8.11348
1.18213 8.43131 1.24221 8.13131
1.1766 8.44398 1.01734 8.14398
1.17187 8.45805 1.00386 8.15805
1.16822 8.46776 1.26097 8.16776
1.16058 8.4876 1.0501 8.1876
1.15199 8.49695 1.03599 8.19695
1.15378 8.51125 1.23881 8.21125
1.15315 8.52855 1.09785 8.22855
1.13867 8.54401 0.903789 8.24401
1.13804 8.55886 1.21747 8.25886
1.13365 8.57562 1.08541 8.27562
1.13765 8.5921 1.29666 8.2921
1.14901 8.60581 1.40431 8.30581
1.15291 8.61948 1.21535 8.31948
1.15134 8.63979 1.06929 8.33979
1.14777 8.65518 0.989567 8.35518
1.14584 8.67321 1.07199 8.37321
1.15844 8.68191 1.31336 8.38191
1.16156 8.69537 1.26764 8.39537
1.16899 8.72178 1.35618 8.42178
1.17045 8.73364 1.20463 8.43364
1.16515 8.74796 1.08503 8.44796
1.16301 8.76323 1.11269 8.46323
1.16128 8.78611 1.08198 8.48611
1.16183 8.79306 1.05191 8.49306
1.16957 8.80891 1.26196 8.50891
1.17769 8.82938 1.48643 8.52938
1.17526 8.86531 1.23807 8.56531
1.1784 8.8719 1.26918 8.5719
1.17482 8.88646 1.21641 8.58646
1.17875 8.90143 1.05365 8.60143
1.17848 8.93791 1.12715 8.63791
1.17491 8.94426 1.08222 8.64426
1.17052 8.95821 1.07483 8.65821
1.16588 8.96713 1.17791 8.66713
1.15532 8.98533 0.910293 8.68533
1.15912 8.99558 1.31321 8.69558
1.1576 9.00561 0.998954 8.70561
1.16027 9.01469 1.27789 8.71469
1.16059 9.02893 1.20505 8.72893
1.15211 9.04385 0.969296 8.74385
1.15597 9.05296 1.33345 8.75296
1.15619 9.06249 0.961968 8.76249
1.16844 9.07226 1.28955 8.77226
1.1602 9.10644 0.982725 8.80644
1.15793 9.11711 1.09335 8.81711
1.14923 9.12397 1.12079 8.82397
1.14262 9.14121 1.01869 8.84121
1.14827 9.17255 1.47381 8.87255
1.13836 9.18225 0.961818 8.88225
1.13798 9.19099 1.21043 8.89099
1.13517 9.20506 1.07677 8.90506
1.13593 9.2272 1.05427 8.9272
1.13262 9.24618 1.04671 8.94618
1.12884 9.25538 0.873481 8.95538
1.12641 9.26405 1.16549 8.96405
1.11958 9.2845 0.893774 8.9845
1.12226 9.30669 1.2541 9.00669
1.12794 9.31413 1.21107 9.01413
1.13272 9.32621 1.11261 9.02621
1.13881 9.334 1.10117 9.034
1.1375 9.35165 1.15473 9.05165
1.14234 9.36238 1.4642 9.06238
1.13391 9.373 1.1245 9.073
1.14082 9.39786 1.29688 9.09786
1.14294 9.4216 1.10648 9.1216
1.14861 9.43336 1.08967 9.13336
1.15319 9.44119 1.07915 9.14119
1.15082 9.46812 1.01652 9.16812
1.14756 9.493 1.05255 9.193
1.14756 9.493 1.05255 9.193
1.15237 9.51299 1.1959 9.21299
1.13779 9.52306 0.972353 9.22306
1.13663 9.54086 1.24934 9.24086
1.14677 9.56473 1.40789 9.26473
1.14431 9.57481 1.10425 9.27481
1.15667 9.58543 1.35078 9.28543
1.15528 9.59598 1.09537 9.29598
1.16143 9.62949 1.24051 9.32949
1.16782 9.64165 1.24521 9.34165
1.15879 9.65298 0.94658 9.35298
1.16536 9.6756 1.17097 9.3756
1.15807 9.69843 1.05893 9.39843
1.15712 9.72569 1.17955 9.42569
1.16167 9.73375 1.21151 9.43375
1.16477 9.7573 1.27549 9.4573
1.16266 9.78773 1.17198 9.48773
1.15921 9.81579 1.14767 9.51579
1.15282 9.82331 1.1252 9.52331
1.14828 9.83714 1.09396 9.53714
1.14202 9.86343 0.886996 9.56343
1.1368 9.88515 0.906455 9.58515
1.14456 9.89581 1.26818 9.59581
1.14357 9.90907 1.00751 9.60907
1.14802 9.92132 1.18178 9.62132
1.1558 9.9428 1.32268 9.6428
1.15356 9.95571 0.829159 9.65571
1.14334 9.97034 1.06475 9.67034
1.14737 9.9879 1.11172 9.6879
1.13696 10.002 1.02643 9.70203
1.13958 10.0126 1.10634 9.71256
1.14069 10.0321 1.24969 9.73214
1.1407 10.0515 1.31853 9.75152
1.14055 10.0649 1.16838 9.76493
1.13748 10.0755 1.46398 9.77553
1.14601 10.0883 1.2266 9.78833
1.14341 10.1074 1.0517 9.80736
1.14716 10.1254 1.16329 9.82543
1.13888 10.1422 0.88272 9.84218
1.13605 10.1539 1.11084 9.85395
1.13578 10.17 0.967655 9.86995
1.13405 10.1889 1.24455 9.88888
1.14901 10.2092 1.36547 9.90921
1.14078 10.2211 1.148 9.9211
1.14777 10.2336 1.54581 9.93365
1.13869 10.2475 0.982459 9.94746
1.13424 10.2638 1.15209 9.96378
1.13072 10.273 1.01872 9.97305
1.12778 10.2972 1.06793 9.99716
1.1255 10.3141 1.146 10.0141
1.11495 10.3341 0.933072 10.0341
1.11413 10.3499 1.16528 10.0499
1.10873 10.3776 1.02755 10.0776
1.1104 10.3949 1.12392 10.0949
1.11611 10.4131 1.15726 10.1131
1.11126 10.4361 0.864631 10.1361
1.10645 10.4515 1.08101 10.1515
1.10245 10.4599 0.832043 10.1599
1.10561 10.4822 1.23815 10.1822
1.11504 10.4983 1.31292 10.1983
1.11741 10.5127 1.08768 10.2127
1.12432 10.5211 1.40006 10.2211
1.11541 10.5435 0.994642 10.2435
1.11522 10.5674 1.23545 10.2674
1.1285 10.5814 1.4862 10.2814
1.13373 10.5915 1.12791 10.2915
1.13933 10.6104 1.26517 10.3104
1.14048 10.6413 1.14773 10.3413
1.13708 10.6554 0.957922 10.3554
1.13794 10.6639 1.01189 10.3639
1.13217 10.6887 0.959105 10.3887
1.13799 10.7074 1.01043 10.4074
1.14239 10.7232 1.26824 10.4232
1.13838 10.7315 1.19017 10.4315
1.15061 10.749 1.33748 10.449
1.15189 10.7685 1.42512 10.4685
1.15518 10.7849 1.11354 10.4849
1.15347 10.7995 1.25051 10.4995
1.14014 10.811 1.00424 10.511
1.13964 10.8321 0.962245 10.5321
1.13783 10.8519 1.00318 10.5519
1.13612 10.8678 1.08408 10.5678
1.13542 10.8759 1.11269 10.5759
1.13721 10.8917 1.29442 10.5917
1.14989 10.9125 1.38603 10.6125
1.15214 10.9237 1.09797 10.6237
1.15809 10.9333 1.43423 10.6333
1.15759 10.9417 1.07243 10.6417
1.14926 10.9631 0.899591 10.6631
1.15297 10.9732 1.29026 10.6732
1.15138 10.9834 0.883312 10.6834
1.15063 10.9944 1.20494 10.6944
1.15344 11.0084 1.11197 10.7084
1.15286 11.0233 0.978018 10.7233
1.15224 11.044 1.21548 10.744
1.15029 11.0552 0.980756 10.7552
1.15607 11.0641 1.21695 10.7641
1.15511 11.0837 1.1834 10.7837
1.15665 11.1084 1.13132 10.8084
1.16318 11.1156 1.11753 10.8156
1.16062 11.1266 1.1143 10.8266
1.15964 11.1493 1.03478 10.8493
1.15146 11.1679 1.00289 10.8679
1.15159 11.1768 1.38071 10.8768
1.15145 11.1926 1.19671 10.8926
1.1586 11.2152 1.29404 10.9152
1.16744 11.2357 1.27467 10.9357
1.16534 11.2493 1.00262 10.9493
1.15349 11.2631 0.914407 10.9631
1.14211 11.2798 0.885549 10.9798
1.13056 11.2998 0.961095 10.9998
1.1194 11.3116 0.833242 11.0116
1.12358 11.3307 1.20903 11.0307
1.12229 11.3417 1.0615 11.0417
1.13109 11.356 1.35538 11.056
1.14458 11.3715 1.48003 11.0715
1.14515 11.3903 1.2637 11.0903
1.14257 11.4033 1.37796 11.1033
1.1428 11.4138 1.24111 11.1138
1.12989 11.4328 0.850263 11.1328
1.13266 11.4422 1.30488 11.1422
1.13735 11.4543 1.22067 11.1543
1.13539 11.4719 1.0736 11.1719
1.15044 11.4854 1.58599 11.1854
1.15535 11.5016 1.2541 11.2016
1.15731 11.5082 1.25148 11.2082
1.16373 11.5368 1.15827 11.2368
1.15521 11.5514 1.0368 11.2514
1.15533 11.5722 1.02918 11.2722
1.15382 11.5807 1.23106 11.2807
1.15226 11.6012 1.16807 11.3012
1.15883 11.616 1.20966 11.316
1.15866 11.6367 1.3365 11.3367
1.16389 11.6544 1.16152 11.3544
1.1598 11.6614 1.16723 11.3614
1.16129 11.6788 1.06333 11.3788
1.15739 11.6982 0.990595 11.3982
1.15049 11.7246 0.921752 11.4246
1.16079 11.7322 1.36729 11.4322
1.15644 11.7459 1.33119 11.4459
1.16835 11.7735 1.38374 11.4735
1.17514 11.7905 1.45077 11.4905
1.17383 11.8018 1.06486 11.5018
1.17352 11.808 1.07142 11.508
1.17631 11.8316 1.17301 11.5316
1.17908 11.8412 0.99639 11.5412
1.18201 11.853 1.27783 11.553
1.19758 11.8665 1.42613 11.5665
1.18909 11.8764 0.997008 11.5764
1.19481 11.9063 1.4225 11.6063
1.19578 11.9143 1.1698 11.6143
1.19365 11.937 1.06809 11.637
1.19528 11.9519 1.23513 11.6519
1.18132 11.9815 1.06175 11.6815
1.18153 11.9944 1.16539 11.6944
1.18102 12.0155 1.321 11.7155
1.18416 12.0369 1.25528 11.7369
1.18383 12.0461 1.11853 11.7461
1.18373 12.0655 1.12498 11.7655
1.18728 12.0812 1.17417 11.7812
1.19428 12.1016 1.32119 11.8016
1.19583 12.1084 1.2786 11.8084
1.20172 12.1284 1.21346 11.8284
1.19677 12.1438 1.14032 11.8438
1.18313 12.1581 1.02459 11.8581
1.17349 12.1653 1.05006 11.8653
1.17974 12.1811 1.39025 11.8811
1.17806 12.1935 1.09789 11.8935
1.16417 12.2098 0.913003 11.9098
1.16481 12.2188 1.26245 11.9188
1.1592 12.2377 0.990878 11.9377
1.15515 12.2529 1.08386 11.9529
1.16385 12.2697 1.42635 11.9697
1.16088 12.2807 1.12581 11.9807
1.16929 12.3023 1.37953 12.0023
1.17627 12.3243 1.55684 12.0243
1.17222 12.3336 1.10679 12.0336
1.17473 12.3475 1.29476 12.0475
1.17003 12.3662 1.06201 12.0662
1.15997 12.3873 0.871465 12.0873
1.16021 12.4098 1.14845 12.1098
1.16316 12.4217 1.06793 12.1217
1.16142 12.4392 1.27201 12.1392
1.17013 12.4599 1.38788 12.1599
1.16691 12.4827 1.14767 12.1827
1.17498 12.4916 1.42797 12.1916
1.17083 12.5036 0.974359 12.2036
1.17269 12.5207 1.19677 12.2207
1.17489 12.5278 1.23642 12.2278
1.17576 12.5394 1.11177 12.2394
1.17871 12.5553 1.27309 12.2553
1.16367 12.567 0.77282 12.267
1.15479 12.5772 1.05637 12.2772
1.14316 12.5878 0.806947 12.2878
1.12972 12.6061 1.05813 12.3061
1.1317 12.6213 1.35923 12.3213
1.13021 12.6332 1.05215 12.3332
1.1294 12.6511 1.19916 12.3511
1.13807 12.6649 1.23682 12.3649
1.13474 12.7009 1.0816 12.4009
1.143 12.7107 1.29126 12.4107
1.14104 12.7281 1.23152 12.4281
1.12896 12.745 1.00546 12.445
1.12836 12.7777 1.2031 12.4777
1.10402 12.7866 0.82452 12.4866
1.10941 12.7977 1.15567 12.4977
1.10465 12.8115 1.09462 12.5115
1.10756 12.8237 1.0791 12.5237
1.11274 12.8381 1.28156 12.5381
1.10618 12.8487 0.955492 12.5487
1.12009 12.8585 1.43309 12.5585
1.11728 12.8679 1.09835 12.5679
1.11526 12.8892 0.995333 12.5892
1.12707 12.8986 1.54849 12.5986
1.12437 12.9089 1.0912 12.6089
1.14061 12.9181 1.4421 12.6181
1.15159 12.9323 1.4822 12.6323
1.15367 12.9434 0.924981 12.6434
1.14443 12.9513 0.938459 12.6513
1.13568 12.9622 1.0304 12.6622
1.13637 12.9956 1.14025 12.6956
1.12566 13.0097 1.05651 12.7097
1.12883 13.0227 1.11668 12.7227
1.12534 13.0348 1.12883 12.7348
1.11172 13.068 1.04977 12.768
1.11207 13.0876 1.15441 12.7876
1.11234 13.1073 1.28457 12.8073
1.11445 13.1197 1.22684 12.8197
1.1233 13.1335 1.26438 12.8335
1.13226 13.1523 1.31873 12.8523
1.13661 13.1669 1.11317 12.8669
1.13725 13.1827 1.03709 12.8827
1.13116 13.2037 1.05985 12.9037
1.12832 13.2175 1.09086 12.9175
1.12166 13.2253 1.10668 12.9253
1.11395 13.2442 1.15531 12.9442
1.11594 13.2627 1.17666 12.9627
1.11322 13.2743 1.15187 12.9743
1.11787 13.2815 1.15895 12.9815
1.11889 13.3005 0.993479 13.0005
1.121 13.3183 1.0626 13.0183
1.12387 13.3303 1.16374 13.0303
1.1256 13.3375 1.15436 13.0375
1.12702 13.3529 1.31368 13.0529
1.1257 13.3721 1.30987 13.0721
1.12455 13.389 1.04408 13.089
1.11722 13.4023 1.16116 13.1023
1.1145 13.4111 0.968455 13.1111
1.12235 13.4276 1.14858 13.1276
1.11638 13.4428 1.05913 13.1428
1.12772 13.4578 1.24276 13.1578
1.12675 13.4656 1.14707 13.1656
1.12763 13.479 1.11258 13.179
1.13635 13.4934 1.24187 13.1934
1.12839 13.5035 0.91391 13.2035
1.13164 13.525 1.04561 13.225
1.11702 13.54 0.930021 13.24
1.11416 13.5548 1.0539 13.2548
1.1135 13.5633 1.07305 13.2633
1.1135 13.5633 1.07305 13.2633
1.1135 13.5633 1.07305 13.2633
1.12193 13.6219 1.2245 13.3219
1.13248 13.6302 1.20913 13.3302
1.13248 13.6302 1.20913 13.3302
1.13248 13.6302 1.20913 13.3302
1.13248 13.6302 1.20913 13.3302
1.13248 13.6302 1.20913 13.3302
1.1223 13.7047 0.857602 13.4047
1.12039 13.7244 0.899446 13.4244
1.1138 13.7381 1.11386 13.4381
1.11214 13.7455 1.0922 13.4455
1.11241 13.765 1.21486 13.465
1.13108 13.7808 1.47066 13.4808
1.12692 13.7907 1.01143 13.4907
1.13146 13.8089 1.08444 13.5089
1.15063 13.8248 1.38604 13.5248
1.15548 13.833 1.06327 13.533
1.17197 13.8436 1.27482 13.5436
1.17443 13.8634 1.18842 13.5634
1.17387 13.8753 0.986452 13.5753
1.16938 13.897 1.11303 13.597
1.15525 13.9065 0.971262 13.6065
1.15781 13.918 1.25928 13.618
1.14467 13.929 0.904382 13.629
1.14131 13.9546 1.04271 13.6546
1.15329 13.9692 1.15861 13.6692
1.14102 13.9793 0.860519 13.6793
1.14614 13.9894 1.29689 13.6894
1.15156 14.0068 1.159 13.7068
1.13698 14.0217 1.03849 13.7217
1.14866 14.0318 1.49163 13.7318
1.14258 14.0419 1.02709 13.7419
1.15365 14.0583 1.28975 13.7583
1.15382 14.0765 1.12607 13.7765
1.15673 14.094 1.05382 13.794
1.15825 14.1071 1.20324 13.8071
1.15931 14.1181 1.1365 13.8181
1.1699 14.1432 1.40505 13.8432
1.16899 14.1582 1.18556 13.8582
1.17097 14.1763 1.16357 13.8763
1.17416 14.1871 1.22593 13.8871
1.18033 14.2083 1.20755 13.9083
1.18845 14.2149 1.2368 13.9149
1.19975 14.2326 1.21838 13.9326
1.18507 14.2416 0.856086 13.9416
1.17571 14.2576 0.971767 13.9576
1.16336 14.264 0.94295 13.964
1.1551 14.2825 1.10419 13.9825
1.16098 14.2964 1.20565 13.9964
1.16756 14.3119 1.22133 14.0119
1.16938 14.3201 1.18346 14.0201
1.18241 14.3351 1.34935 14.0351
1.18399 14.3496 1.26645 14.0496
1.17737 14.3683 1.16737 14.0683
1.18867 14.3831 1.29333 14.0831
1.17747 14.3993 1.0462 14.0993
1.18185 14.4085 1.29157 14.1085
1.18086 14.4246 0.965334 14.1246
1.18161 14.4411 1.25607 14.1411
1.18545 14.4571 1.10711 14.1571
1.18677 14.469 1.17295 14.169
1.19279 14.485 1.45508 14.185
1.18436 14.5052 1.04167 14.2052
1.18927 14.5193 1.17272 14.2193
1.18629 14.5342 1.01798 14.2342
1.18514 14.5482 1.11713 14.2482
1.17827 14.5731 1.13912 14.2731
1.17472 14.591 1.1433 14.291
1.17621 14.6089 1.25055 14.3089
1.17756 14.6222 1.17839 14.3222
1.18121 14.6365 1.14122 14.3365
1.18393 14.6531 1.13282 14.3531
1.17349 14.6691 1.03376 14.3691
1.17349 14.6691 1.03376 14.3691
1.17614 14.6895 1.18011 14.3895
1.17685 14.7029 0.933582 14.4029
1.17323 14.7158 1.13415 14.4158
1.17446 14.744 0.967084 14.444
1.17446 14.744 0.967084 14.444
1.17421 14.7667 1.06546 14.4667
1.16155 14.7783 1.03395 14.4783
1.16793 14.8058 1.29252 14.5058
1.16793 14.8058 1.29252 14.5058
1.16713 14.8279 1.40145 14.5279
1.16111 14.8488 1.35785 14.5488
1.16974 14.857 1.2834 14.557
1.16661 14.8695 1.2067 14.5695
1.17184 14.8766 1.23338 14.5766
1.1715 14.9084 1.02537 14.6084
1.16885 14.9168 1.07458 14.6168
1.16198 14.9293 0.859327 14.6293
1.14901 14.9362 0.846544 14.6362
1.13411 14.9592 0.895279 14.6592
1.12264 14.9673 0.846444 14.6673
1.11106 14.9795 1.05878 14.6795
1.1131 14.9869 1.05537 14.6869
1.11378 15.0082 1.21116 14.7082
1.11313 15.0175 1.20769 14.7175
1.11213 15.034 1.09062 14.734
1.11245 15.0483 1.27134 14.7483
1.12243 15.073 1.1133 14.773
1.13044 15.0878 1.30031 14.7878
1.14238 15.1067 1.19011 14.8067
1.14198 15.1274 1.05167 14.8274
1.136 15.1427 1.15807 14.8427
1.13373 15.1658 0.993189 14.8658
1.1362 15.1887 1.25974 14.8887
1.13652 15.2026 1.23537 14.9026
1.1418 15.2142 1.26679 14.9142
1.14121 15.2315 1.27035 14.9315
1.13618 15.2511 1.06498 14.9511
1.13875 15.2802 1.10939 14.9802
1.13304 15.2978 1.01006 14.9978
1.13994 15.3129 1.07082 15.0129
1.14089 15.325 1.18023 15.025
1.14337 15.3548 1.17174 15.0548
1.14491 15.3851 1.1299 15.0851
1.13798 15.3998 1.0726 15.0998
1.14211 15.4126 1.08238 15.1126
1.13406 15.4291 1.16597 15.1291
1.13266 15.4514 1.05103 15.1514
1.13993 15.4648 1.22746 15.1648
1.1245 15.477 1.02231 15.177
1.11848 15.4929 0.877699 15.1929
1.11687 15.5113 1.38291 15.2113
1.11173 15.53 1.30373 15.23
1.1206 15.554 1.25248 15.254
1.13001 15.5611 1.28081 15.2611
1.12775 15.591 0.957681 15.291
1.12526 15.6107 1.05389 15.3107
1.1203 15.6343 0.878061 15.3343
1.11038 15.6415 0.850269 15.3415
1.12041 15.6726 1.38442 15.3726
1.12633 15.686 1.26015 15.386
1.12912 15.7013 1.25218 15.4013
1.13891 15.7112 1.58218 15.4112
1.12982 15.7315 0.959704 15.4315
1.12206 15.7441 0.981485 15.4441
1.11556 15.7625 1.08156 15.4625
1.11397 15.7746 1.05604 15.4746
1.11797 15.7895 1.18513 15.4895
1.12088 15.8032 1.16714 15.5032
1.12479 15.8223 1.23515 15.5223
1.12554 15.8377 1.13368 15.5377
1.12519 15.8546 1.14108 15.5546
1.12269 15.8645 1.08212 15.5645
1.1211 15.8814 1.08991 15.5814
1.10688 15.8947 0.737736 15.5947
1.09739 15.9108 0.684072 15.6108
1.09427 15.9279 0.948548 15.6279
1.09145 15.9422 1.05186 15.6422
1.09182 15.9553 1.14717 15.6553
1.09519 15.9706 1.39996 15.6706
1.09566 15.9863 1.30643 15.6863
1.11018 15.9994 1.39978 15.6994
1.11278 16.0132 1.249 15.7132
1.11563 16.0299 1.05531 15.7299
1.12426 16.049 1.45763 15.749
1.12684 16.0577 1.14401 15.7577
1.12978 16.069 1.34891 15.769
1.13161 16.0847 1.20791 15.7847
1.12625 16.1056 0.900577 15.8056
1.12349 16.1488 1.12286 15.8488
1.12671 16.1589 1.01115 15.8589
1.13086 16.1712 1.18125 15.8712
1.13441 16.1828 1.03633 15.8828
1.12532 16.2483 0.799978 15.9483
1.11577 16.2578 0.760068 15.9578
1.11111 16.277 1.04618 15.977
1.11145 16.3028 1.18142 16.0028
1.13215 16.3343 1.47786 16.0343
1.15364 16.344 1.55303 16.044
1.15585 16.3641 1.16995 16.0641
1.16388 16.3922 1.36065 16.0922
1.15953 16.4025 1.0379 16.1025
1.1582 16.4135 1.40288 16.1135
1.15889 16.4308 1.02658 16.1308
1.15945 16.4443 1.09407 16.1443
1.15173 16.4535 1.07971 16.1535
1.1517 16.4762 1.04743 16.1762
1.151 16.4981 1.2328 16.1981
1.14878 16.509 1.09385 16.209
1.15502 16.5244 1.21822 16.2244
1.15288 16.5428 1.0195 16.2428
1.15476 16.5666 1.03143 16.2666
1.14836 16.5813 0.995918 16.2813
1.15426 16.5968 1.12305 16.2968
1.16079 16.6093 1.25521 16.3093
1.16301 16.6223 1.21834 16.3223
1.17111 16.6411 1.14096 16.3411
1.16546 16.6583 1.07769 16.3583
1.1659 16.6726 1.15975 16.3726
1.16851 16.6796 1.1267 16.3796
1.16575 16.6962 1.3606 16.3962
1.16816 16.7127 1.11072 16.4127
1.16241 16.7227 1.07516 16.4227
1.16187 16.73 1.10415 16.43
1.16187 16.73 1.10415 16.43
1.15998 16.7598 0.982705 16.4598
1.15328 16.7742 0.955866 16.4742
1.14986 16.7903 1.00589 16.4903
1.14627 16.8106 1.25101 16.5106
1.14559 16.8205 1.15446 16.5205
1.15093 16.8368 1.34921 16.5368
1.15723 16.8525 1.44814 16.5525
1.16383 16.8669 1.44802 16.5669
1.16642 16.885 1.33937 16.585
1.16657 16.9023 1.2386 16.6023
1.18032 16.9142 1.38287 16.6142
1.18755 16.9312 1.26112 16.6312
1.19711 16.9631 1.32412 16.6631
1.19923 16.9817 1.20744 16.6817
1.19327 17.0037 1.01908 16.7037
1.18946 17.0207 1.10934 16.7207
1.18335 17.0416 0.993863 16.7416
1.17758 17.0562 1.16511 16.7562
1.17294 17.0837 1.14104 16.7837
1.1714 17.0949 1.14099 16.7949
1.16994 17.1096 1.27399 16.8096
1.16852 17.1195 1.02744 16.8195
1.16409 17.1437 1.17801 16.8437
1.16576 17.1597 1.06714 16.8597
1.16325 17.1767 1.20493 16.8767
1.16476 17.1935 1.20504 16.8935
1.17103 17.209 1.44492 16.909
1.1663 17.2297 1.33937 16.9297
1.16534 17.2392 1.0496 16.9392
1.16874 17.2573 1.35381 16.9573
1.16473 17.2666 0.914383 16.9666
1.16577 17.2824 1.2077 16.9824
1.16684 17.2897 1.21832 16.9897
1.16634 17.2999 1.17096 16.9999
1.16246 17.3072 1.14943 17.0072
1.15466 17.3226 0.947947 17.0226
1.15896 17.3311 1.34553 17.0311
1.15407 17.3401 0.998962 17.0401
1.16014 17.3518 1.31002 17.0518
1.15572 17.3795 1.09899 17.0795
1.1624 17.399 1.24375 17.099
1.16136 17.4103 1.146 17.1103
1.16451 17.4291 1.14604 17.1291
1.16774 17.456 1.25938 17.156
1.15892 17.4761 1.01158 17.1761
1.16702 17.4932 1.41064 17.1932
1.16242 17.514 1.30444 17.214
1.15749 17.5258 1.23751 17.2258
1.15295 17.5405 1.18838 17.2405
1.14468 17.5605 0.992219 17.2605
1.14507 17.5755 1.32009 17.2755
1.15153 17.5881 1.32931 17.2881
1.15316 17.6006 1.20331 17.3006
1.16779 17.6175 1.46478 17.3175
1.17361 17.6329 1.12661 17.3329
1.17931 17.6522 1.17655 17.3522
1.18784 17.6587 1.19691 17.3587
1.17321 17.6754 0.879688 17.3754
1.17359 17.6913 1.12704 17.3913
1.16794 17.7113 1.05731 17.4113
1.16389 17.7308 1.11848 17.4308
1.16825 17.751 1.33917 17.451
1.16357 17.7656 1.15272 17.4656
1.16758 17.7812 1.34022 17.4812
1.17327 17.8023 1.30725 17.5023
1.17715 17.8189 1.39786 17.5189
1.17677 17.8332 1.10737 17.5332
1.17145 17.8452 1.03783 17.5452
1.16575 17.853 1.10728 17.553
1.15337 17.8693 0.842057 17.5693
1.15023 17.8908 1.19937 17.5908
1.14098 17.9015 0.961705 17.6015
1.13672 17.9164 1.17571 17.6164
1.14395 17.931 1.35032 17.631
1.14917 17.9581 1.28976 17.6581
1.15666 17.9655 1.32054 17.6655
1.16314 17.9823 1.36529 17.6823
1.15105 17.9918 0.933812 17.6918
1.14416 18.0196 1.07099 17.7196
1.14069 18.0272 1.04034 17.7272
1.13952 18.0391 1.07994 17.7391
1.13677 18.0576 1.03974 17.7576
1.12954 18.0838 0.963248 17.7838
1.1352 18.0928 1.31397 17.7928
1.12825 18.1117 1.02042 17.8117
1.13773 18.1313 1.45024 17.8313
1.14991 18.1504 1.40239 17.8504
1.13922 18.1596 1.01707 17.8596
1.13478 18.1824 1.2055 17.8824
1.13173 18.1934 1.12278 17.8934
1.1238 18.2119 1.07479 17.9119
1.12591 18.2203 1.08861 17.9203
1.12934 18.2367 1.24329 17.9367
1.13207 18.2534 1.02307 17.9534
1.13284 18.2652 0.902273 17.9652
1.12332 18.2785 1.05249 17.9785
1.11766 18.2904 1.07402 17.9904
1.10705 18.3065 0.874999 18.0065
1.08986 18.3204 1.13101 18.0204
1.09572 18.3411 1.20773 18.0411
1.09574 18.3563 1.01937 18.0563
1.10581 18.3699 1.36694 18.0699
1.11421 18.3859 1.35188 18.0859
1.11485 18.4006 1.23446 18.1006
1.11485 18.4006 1.23446 18.1006
1.11073 18.4492 1.14538 18.1492
1.10315 18.4577 1.03124 18.1577
1.1075 18.4665 1.29415 18.1665
1.1047 18.4763 1.06514 18.1763
1.09532 18.5152 0.808043 18.2152
1.09974 18.5265 1.24305 18.2265
1.115 18.5414 1.06921 18.2414
1.1284 18.5544 1.15716 18.2544
1.14177 18.5792 1.42216 18.2792
1.14661 18.5955 1.21343 18.2955
1.14544 18.608 1.08943 18.308
1.13995 18.6231 1.19388 18.3231
1.12887 18.6377 0.887616 18.3377
1.11858 18.6551 1.01438 18.3551
1.12102 18.6646 1.33513 18.3646
1.12172 18.6744 1.0634 18.3744
1.11753 18.6957 1.30009 18.3957
1.1172 18.7079 1.11866 18.4079
1.11114 18.7194 1.12666 18.4194
1.10804 18.7375 1.07986 18.4375
1.11105 18.7635 0.963901 18.4635
1.11532 18.7722 1.25735 18.4722
1.11545 18.7813 0.986543 18.4813
1.11873 18.8015 1.26394 18.5015
1.11911 18.8147 1.01308 18.5147
1.12732 18.8267 1.05164 18.5267
1.13175 18.847 1.09515 18.547
1.13681 18.8596 1.16038 18.5596
1.14185 18.8742 1.28458 18.5742
1.13252 18.8844 0.994762 18.5844
1.13061 18.9084 1.31994 18.6084
1.13226 18.9337 1.1638 18.6337
1.12557 18.9467 1.07286 18.6467
1.12887 18.9598 1.10856 18.6598
1.11706 18.9758 0.925716 18.6758
1.10278 19.0067 0.801096 18.7067
1.10317 19.0153 1.06076 18.7153
1.10187 19.0293 0.98491 18.7293
1.10809 19.0454 1.18062 18.7454
1.10809 19.0454 1.18062 18.7454
1.12443 19.0822 1.32109 18.7822
1.13629 19.0923 1.46037 18.7923
1.13731 19.1036 1.19684 18.8036
1.13771 19.1147 0.972357 18.8147
1.12018 19.132 0.679345 18.832
1.12018 19.132 0.679345 18.832
1.12018 19.132 0.679345 18.832
1.12018 19.132 0.679345 18.832
1.12018 19.132 0.679345 18.832
1.13238 19.2088 1.17642 18.9088
1.14251 19.2305 1.33667 18.9305
1.14577 19.2472 1.11715 18.9472
1.15246 19.2641 1.2395 18.9641
1.15418 19.2771 1.13041 18.9771
1.16171 19.2923 1.26826 18.9923
1.16189 19.3076 1.0889 19.0076
1.14874 19.3221 0.859706 19.0221
1.14036 19.3352 1.0143 19.0352
1.13855 19.3479 0.980988 19.0479
1.13679 19.358 0.95118 19.058
1.13855 19.3799 1.05675 19.0799
1.14864 19.4034 1.19424 19.1034
1.14861 19.4178 0.875233 19.1178
1.15875 19.4318 1.23556 19.1318
1.15511 19.4497 1.0251 19.1497
1.16018 19.4799 1.1728 19.1799
1.16698 19.4968 1.45101 19.1968
1.1632 19.5157 1.21605 19.2157
1.16075 19.5256 1.28485 19.2256
1.15619 19.5465 1.09384 19.2465
1.1448 19.5596 0.800154 19.2596
1.13893 19.5759 1.10176 19.2759
1.14991 19.5888 1.32612 19.2888
1.14588 19.6067 1.09107 19.3067
1.15321 19.6161 1.42415 19.3161
1.15652 19.6262 1.08349 19.3262
1.15982 19.6437 1.15436 19.3437
1.17443 19.6626 1.46715 19.3626
1.17155 19.672 0.998423 19.372
1.17763 19.6914 1.29337 19.3914
1.17467 19.7069 0.95805 19.4069
1.16832 19.7226 0.958495 19.4226
1.17026 19.7349 1.14196 19.4349
1.1727 19.7563 1.17284 19.4563
1.18149 19.767 1.31576 19.467
1.18306 19.7876 1.17532 19.4876
1.18848 19.8017 1.31972 19.5017
1.18448 19.8183 1.2283 19.5183
1.18184 19.8264 1.19734 19.5264
1.18875 19.847 1.26229 19.547
1.18433 19.8623 1.13573 19.5623
1.19158 19.8781 1.15078 19.5781
1.19459 19.8918 1.28676 19.5918
1.19355 19.9054 1.13998 19.6054
1.19501 19.9201 1.19154 19.6201
1.19624 19.9362 1.16069 19.6362
1.20503 19.9543 1.1175 19.6543
1.19571 19.9625 1.08864 19.6625
1.2057 19.9724 1.21405 19.6724
1.2057 19.9724 1.21405 19.6724
1.20273 20.0129 1.14054 19.7129
1.20585 20.0208 1.18262 19.7208
1.19717 20.0352 0.918467 19.7352
1.19701 20.05 1.11073 19.75
1.19357 20.0749 0.992732 19.7749
1.19348 20.0837 1.23221 19.7837
1.20305 20.104 1.31146 19.804
1.20045 20.1221 1.29212 19.8221
1.19603 20.1349 1.13866 19.8349
1.18666 20.1467 1.06217 19.8467
1.1779 20.1605 0.841653 19.8605
1.17529 20.179 0.878117 19.879
1.17262 20.1881 1.21584 19.8881
1.16553 20.2046 1.05442 19.9046
1.16359 20.22 1.12808 19.92
1.15455 20.2402 1.12581 19.9402
1.14895 20.2491 0.909025 19.9491
1.14369 20.2701 0.974983 19.9701
1.14329 20.2901 1.18619 19.9901
1.14706 20.3154 1.01862 20.0154
1.14466 20.3216 1.0323 20.0216
1.15528 20.3405 1.46645 20.0405
1.15539 20.3533 1.1245 20.0533
1.15539 20.3533 1.1245 20.0533
1.15873 20.38 1.48291 20.08
1.15433 20.3946 0.993153 20.0946
1.14035 20.4224 0.823777 20.1224
1.13313 20.444 1.04615 20.144
1.12611 20.4563 1.1441 20.1563
1.12253 20.467 0.978406 20.167
1.1306 20.4987 1.3627 20.1987
1.13377 20.5204 1.24401 20.2204
1.13972 20.5321 1.07292 20.2321
1.14618 20.5414 1.46083 20.2414
1.16558 20.5602 1.52357 20.2602
1.16433 20.5695 1.14666 20.2695
1.16015 20.581 1.21952 20.281
1.14494 20.5967 0.921703 20.2967
1.13282 20.6126 0.878549 20.3126
1.1198 20.6201 0.879703 20.3201
1.12286 20.6353 1.0676 20.3353
1.1262 20.659 1.22363 20.359
1.13166 20.6716 1.26855 20.3716
1.13508 20.6801 1.22735 20.3801
1.1419 20.6927 1.32381 20.3927
1.14564 20.7183 1.1363 20.4183
1.13749 20.7347 1.022 20.4347
1.14017 20.749 1.14347 20.449
1.12917 20.763 1.04701 20.463
1.12791 20.7817 1.30428 20.4817
1.13072 20.7945 1.14292 20.4945
1.13433 20.8104 1.3517 20.5104
1.12794 20.8244 0.935888 20.5244
1.12536 20.837 1.06245 20.537
1.12283 20.8555 1.02833 20.5555
1.11292 20.8722 0.879621 20.5722
1.11648 20.8882 1.18202 20.5882
1.12132 20.9002 1.10257 20.6002
1.1268 20.926 1.28999 20.626
1.13152 20.9398 1.27544 20.6398
1.13412 20.9594 0.986373 20.6594
1.13279 20.9755 1.0934 20.6755
1.13092 20.9942 1.15302 20.6942
1.13892 21.0021 1.34231 20.7021
1.14545 21.0227 1.50506 20.7227
1.14195 21.0372 1.25179 20.7372
1.13539 21.0538 1.03889 20.7538
1.13369 21.0651 1.11223 20.7651
1.13228 21.0874 1.0204 20.7874
1.12948 21.101 1.21825 20.801
1.13155 21.1139 1.16306 20.8139
1.1329 21.1316 0.97026 20.8316
1.12819 21.1526 1.08635 20.8526
1.12931 21.1666 1.13036 20.8666
1.12815 21.1753 1.12766 20.8753
1.12487 21.2039 1.27656 20.9039
1.11963 21.2168 1.05777 20.9168
1.11726 21.2284 1.03333 20.9284
1.11212 21.2371 1.03658 20.9371
1.11467 21.264 1.00175 20.964
1.12427 21.2719 1.36446 20.9719
1.11923 21.3024 1.18895 21.0024
1.12384 21.317 1.23893 21.017
1.11638 21.3307 1.06807 21.0307
1.1124 21.3412 1.00389 21.0412
1.10556 21.385 0.937593 21.085
1.09777 21.3992 0.837728 21.0992
1.10532 21.4113 1.22434 21.1113
1.09716 21.4223 0.9949 21.1223
1.10212 21.4624 1.16267 21.1624
1.10495 21.4751 1.3603 21.1751
1.11182 21.4884 1.24445 21.1884
1.12317 21.5034 1.428 21.2034
1.13222 21.5326 1.39963 21.2326
1.13146 21.5454 1.14612 21.2454
1.12338 21.5604 1.03621 21.2604
1.12306 21.5764 0.994647 21.2764
1.11278 21.5954 1.00039 21.2954
1.11154 21.6086 1.13142 21.3086
1.10831 21.6218 0.976992 21.3218
1.10819 21.6408 1.11026 21.3408
1.11029 21.6541 0.995133 21.3541
1.12031 21.6724 1.12084 21.3724
1.12586 21.6854 1.23101 21.3854
1.13445 21.703 1.24991 21.403
1.14133 21.717 1.38141 21.417
1.13602 21.7309 1.12787 21.4309
1.1257 21.7486 1.15177 21.4486
1.12355 21.7608 1.12981 21.4608
1.12712 21.7826 1.08908 21.4826
1.14138 21.7916 1.11042 21.4916
1.14318 21.8061 1.23507 21.5061
1.13628 21.8235 1.0767 21.5235
1.12839 21.8389 0.895561 21.5389
1.1331 21.8476 1.33222 21.5476
1.1268 21.8578 0.969886 21.5578
1.12733 21.8742 1.27109 21.5742
1.13262 21.882 1.26085 21.582
1.14469 21.8924 1.25866 21.5924
1.15232 21.9007 1.29505 21.6007
1.15048 21.9171 0.902301 21.6171
1.15326 21.9327 1.03973 21.6327
1.15444 21.9449 1.08582 21.6449
1.15263 21.9602 1.11575 21.6602
1.16431 21.9755 1.25428 21.6755
1.16396 21.9909 1.20132 21.6909
1.16438 22.0028 1.03053 21.7028
1.15746 22.0185 0.926125 21.7185
1.14514 22.0296 1.01035 21.7296
1.13893 22.0375 0.99402 21.7375
1.13527 22.0492 1.1405 21.7492
1.13611 22.0581 1.1126 21.7581
1.14339 22.076 1.04283 21.776
1.15208 22.0859 1.37147 21.7859
1.1434 22.0954 1.0113 21.7954
1.15327 22.1052 1.40543 21.8052
1.14544 22.1368 1.13045 21.8368
1.14935 22.1486 1.20444 21.8486
1.15306 22.1611 1.26575 21.8611
1.13965 22.171 1.00812 21.871
1.14703 22.199 1.23771 21.899
1.13276 22.2082 0.822776 21.9082
1.1283 22.2276 0.816628 21.9276
1.13227 22.238 1.08167 21.938
1.12913 22.2562 1.02388 21.9562
1.12106 22.2791 0.894647 21.9791
1.12288 22.2961 1.34587 21.9961
1.124 22.3059 1.19619 22.0059
