0.433437 0.3 1.05148 0
1.07567 0.308978 1.3855 0.00897789
0.822274 0.327867 1.00051 0.0278666
1.13201 0.348492 1.27326 0.0484924
1.10258 0.36081 1.12259 0.0608103
0.861046 0.375152 0.961314 0.0751517
0.92015 0.398768 1.12896 0.0987682
0.893252 0.420445 1.07292 0.120445
0.767792 0.430163 0.968275 0.130163
1.0772 0.455737 1.31833 0.155737
1.17728 0.476137 1.20045 0.176137
1.05154 0.486981 0.993117 0.186981
1.24376 0.49968 1.32801 0.19968
0.974697 0.521129 0.820116 0.221129
0.92732 0.541924 1.01941 0.241925
1.00276 0.557512 1.15679 0.257512
1.06942 0.56953 1.17495 0.26953
1.09339 0.581078 1.13103 0.281078
1.03355 0.601007 0.998143 0.301007
0.9936 0.621061 1.01735 0.321061
0.945443 0.631689 0.977648 0.331689
0.940691 0.649878 1.04168 0.349878
1.074 0.664263 1.30152 0.364264
1.12314 0.677025 1.1848 0.377025
1.22684 0.688374 1.33079 0.388374
1.3794 0.704247 1.47229 0.404247
1.3746 0.718211 1.16964 0.418211
1.36173 0.733783 1.1405 0.433784
1.36173 0.733783 1.1405 0.433784
1.36173 0.733783 1.1405 0.433784
1.36173 0.733783 1.1405 0.433784
1.36173 0.733783 1.1405 0.433784
1.28404 0.809049 0.994286 0.509049
1.27464 0.824244 1.14644 0.524245
1.29475 0.83239 1.21514 0.53239
1.38851 0.846663 1.41508 0.546663
1.32383 0.859479 1.02609 0.559479
1.33042 0.880666 1.19753 0.580666
1.32788 0.887489 1.18931 0.587489
1.34263 0.89948 1.242 0.59948
1.34479 0.90874 1.20939 0.60874
1.34994 0.930796 1.2067 0.630796
1.34532 0.938048 1.19366 0.638048
1.30471 0.950693 1.03361 0.650693
1.28497 0.959467 1.10549 0.659467
1.24354 0.970244 0.991122 0.670244
1.18861 0.99036 0.90804 0.690361
1.14325 1.00555 0.93699 0.705548
1.15374 1.01474 1.17769 0.714744
1.11314 1.02422 0.92819 0.724221
1.16255 1.04625 1.35545 0.746249
1.18653 1.06742 1.24692 0.767419
1.14084 1.07698 0.913507 0.776977
1.15817 1.08821 1.21741 0.788208
1.11072 1.09891 0.872255 0.798913
1.1222 1.11745 1.17505 0.817449
1.16156 1.13375 1.33493 0.833753
1.18697 1.14902 1.27628 0.849022
1.21858 1.15772 1.33506 0.857719
1.19356 1.17314 1.00594 0.873137
1.17795 1.19437 1.05054 0.894373
1.18503 1.20762 1.18602 0.907622
1.18748 1.21539 1.16501 0.915385
1.23272 1.23029 1.44294 0.930294
