1.52581 0.3 1.18253 0
1.52581 0.3 1.18253 0
1.52581 0.3 1.18253 0
1.52581 0.3 1.18253 0
1.52581 0.3 1.18253 0
1.52581 0.3 1.18253 0
3.22604 9.08765 1.42021 8.78765
2.47227 9.09749 1.09612 8.79749
2.23071 9.11088 1.24348 8.81088
1.44379 9.13146 0.91962 8.83146
0.723727 9.14293 0.787809 8.84293
0.392707 9.15568 0.899549 8.85568
0.116382 9.17531 0.875356 8.87531
0.375704 9.18586 1.20707 8.88586
0.545065 9.19221 1.19395 8.89221
0.948802 9.20739 1.45846 8.90739
1.3739 9.22799 1.54048 8.92799
1.21023 9.24531 1.07094 8.94531
1.06323 9.25302 1.03584 8.95302
1.06692 9.26476 1.17325 8.96476
0.874391 9.27955 0.933619 8.97955
0.761994 9.30347 1.00095 9.00347
0.927584 9.31774 1.30694 9.01774
0.765499 9.32821 0.900767 9.02821
0.921226 9.33781 1.32761 9.03781
1.02149 9.35331 1.28875 9.05331
0.85538 9.37507 0.89678 9.07507
1.03967 9.38636 1.41417 9.08636
1.03923 9.40142 1.15313 9.10142
1.02805 9.40911 1.1273 9.10911
1.17359 9.42793 1.43231 9.12793
1.06158 9.43856 0.958124 9.13856
1.04634 9.46565 1.13668 9.16565
1.04265 9.47395 1.14127 9.17395
0.983891 9.49083 1.02526 9.19083
1.04327 9.50224 1.27046 9.20224
0.948858 9.52371 0.937323 9.22371
0.924818 9.54119 1.06577 9.24119
0.961617 9.55718 1.20286 9.25718
0.876737 9.56836 0.890453 9.26836
0.931366 9.57855 1.24088 9.27855
0.956806 9.59547 1.1852 9.29547
0.864047 9.61428 0.847306 9.31428
0.883528 9.62542 1.13474 9.32542
0.86357 9.64269 1.02561 9.34269
0.877557 9.65475 1.11669 9.35475
0.98537 9.67297 1.44539 9.37297
1.01503 9.68471 1.21383 9.38471
1.06107 9.71176 1.28926 9.41176
1.08076 9.72386 1.2049 9.42386
1.06002 9.73532 1.06221 9.43532
1.03522 9.74422 1.0303 9.44422
0.953943 9.76947 0.815378 9.46947
0.941323 9.77913 1.03239 9.47913
0.884951 9.79767 0.853665 9.49767
0.912789 9.80758 1.17736 9.50758
0.908123 9.82137 1.04851 9.52137
0.96943 9.83383 1.35749 9.53383
1.0676 9.85771 1.56195 9.55771
1.08482 9.86658 1.20846 9.56658
1.14333 9.88 1.43342 9.58
1.14189 9.89421 1.15046 9.59421
1.16116 9.91057 1.26144 9.61057
1.19371 9.92713 1.34341 9.62713
1.23543 9.94565 1.40912 9.64565
1.25153 9.95689 1.29318 9.65689
1.26086 9.96722 1.2655 9.66722
1.24151 9.98459 1.09551 9.68459
1.22214 9.99946 1.08748 9.69946
