-0.0543203 0.3 -0.00669428 0
-0.051746 0.327421 -0.00457219 0.0274208
-0.0475735 0.33434 -0.00465076 0.0343397
-0.0417308 0.349617 -0.00221601 0.0496166
-0.0341083 0.376283 -0.000424904 0.0762835
-0.0277996 0.401762 -0.000989676 0.101762
-0.0252037 0.414988 -0.00324294 0.114988
-0.0252037 0.414988 -0.00324294 0.114988
-0.0252037 0.414988 -0.00324294 0.114988
-0.0252037 0.414988 -0.00324294 0.114988
-0.0252037 0.414988 -0.00324294 0.114988
-0.0252037 0.414988 -0.00324294 0.114988
-0.0252037 0.414988 -0.00324294 0.114988
-0.0252037 0.414988 -0.00324294 0.114988
-0.0252037 0.414988 -0.00324294 0.114988
-0.0252037 0.414988 -0.00324294 0.114988
0.0060534 0.667992 0.009376 0.367992
0.0140657 0.67831 0.0112201 0.37831
0.0157599 0.698319 0.00918831 0.398319
0.0114438 0.735599 0.000978784 0.435599
0.00776721 0.749732 -0.000617222 0.449732
0.00476596 0.76588 -0.00180234 0.46588
0.00174872 0.783563 -0.00383109 0.483563
-0.000463076 0.817755 -0.0028415 0.517756
-0.00274277 0.832692 -0.00477972 0.532692
-0.00578718 0.848952 -0.00856268 0.548952
-0.00782698 0.862215 -0.00746776 0.562215
-0.0103652 0.873133 -0.0108673 0.573133
-0.0121413 0.887142 -0.00939792 0.587142
-0.0132809 0.913583 -0.00679829 0.613583
-0.0138895 0.926155 -0.00675491 0.626155
-0.0140276 0.93638 -0.00546475 0.63638
-0.0140866 0.943226 -0.00558353 0.643226
-0.0134619 0.974682 -0.000433554 0.674682
-0.0134619 0.974682 -0.000433554 0.674682
-0.0134619 0.974682 -0.000433554 0.674682
-0.0134619 0.974682 -0.000433554 0.674682
-0.0134619 0.974682 -0.000433554 0.674682
-0.0134619 0.974682 -0.000433554 0.674682
-0.0118067 1.06208 0.00421863 0.762077
-0.0093717 1.07153 0.00308651 0.77153
-0.00817722 1.08658 0.000483705 0.786579
-0.00817722 1.08658 0.000483705 0.786579
-0.00817722 1.08658 0.000483705 0.786579
-0.00817722 1.08658 0.000483705 0.786579
-0.00817722 1.08658 0.000483705 0.786579
-0.00817722 1.08658 0.000483705 0.786579
-0.0075369 1.17919 0.000494518 0.879185
-0.00593182 1.19024 0.00167995 0.890237
-0.00498559 1.21658 0.000838446 0.916575
-0.00494182 1.23103 -0.00232976 0.931034
-0.00484804 1.24209 -0.00214113 0.942086
-0.00505171 1.25618 -0.00341687 0.956183
-0.00567744 1.27571 -0.00558172 0.975706
-0.00606369 1.29484 -0.0048081 0.994838
-0.00660725 1.30351 -0.00649938 1.00351
-0.00703452 1.31583 -0.00612839 1.01583
-0.0072211 1.3375 -0.00451072 1.0375
-0.00730558 1.35401 -0.00429205 1.05401
-0.00672987 1.3701 6.31176e-05 1.0701
-0.00620433 1.37894 -0.000110426 1.07894
-0.0055824 1.39473 0.00133441 1.09473
-0.00528615 1.40406 -0.000929843 1.10406
-0.00574879 1.42608 -0.00623461 1.12608
-0.00606596 1.43612 -0.00599798 1.13612
-0.00606596 1.43612 -0.00599798 1.13612
-0.00606596 1.43612 -0.00599798 1.13612
-0.00606596 1.43612 -0.00599798 1.13612
-0.00606596 1.43612 -0.00599798 1.13612
-0.00606596 1.43612 -0.00599798 1.13612
-0.00757681 1.52791 -0.0110733 1.22791
-0.00832608 1.54823 -0.00981435 1.24823
-0.0084102 1.55765 -0.00613151 1.25765
-0.0084102 1.55765 -0.00613151 1.25765
-0.0084102 1.55765 -0.00613151 1.25765
-0.0084102 1.55765 -0.00613151 1.25765
-0.0084102 1.55765 -0.00613151 1.25765
-0.0084102 1.55765 -0.00613151 1.25765
-0.00674904 1.66318 0.0079519 1.36318
-0.00479655 1.69233 0.00849899 1.39233
-0.00329544 1.70598 0.00725025 1.40598
-0.0026719 1.73684 0.00231746 1.43684
-0.00254115 1.75088 -0.00106949 1.45088
-0.00273964 1.76323 -0.00374608 1.46323
-0.00305471 1.77764 -0.00502526 1.47764
-0.00332833 1.78892 -0.00506528 1.48892
-0.00333302 1.80451 -0.00259589 1.50451
-0.00344117 1.82366 -0.00364327 1.52366
-0.00371732 1.8361 -0.00575586 1.5361
-0.00417051 1.84804 -0.00818324 1.54804
-0.00467452 1.86169 -0.00933713 1.56169
-0.00518497 1.88351 -0.00979723 1.58351
-0.00554119 1.89546 -0.00870088 1.59546
-0.00554119 1.89546 -0.00870088 1.59546
-0.00554119 1.89546 -0.00870088 1.59546
-0.00554119 1.89546 -0.00870088 1.59546
-0.00554119 1.89546 -0.00870088 1.59546
-0.00554119 1.89546 -0.00870088 1.59546
-0.00554119 1.89546 -0.00870088 1.59546
-0.00554119 1.89546 -0.00870088 1.59546
-0.00554119 1.89546 -0.00870088 1.59546
-0.00554119 1.89546 -0.00870088 1.59546
-0.00554119 1.89546 -0.00870088 1.59546
-0.00508803 2.10739 0.00241426 1.80739
-0.00441189 2.11703 0.000772846 1.81703
-0.00405092 2.13064 0.000653185 1.83064
-0.00381876 2.14165 -0.000572223 1.84165
-0.00353811 2.16146 0.000520574 1.86146
-0.00327488 2.17873 0.000719657 1.87873
-0.0028888 2.20022 0.00335187 1.90022
-0.0024893 2.20613 0.00342517 1.90613
-0.0021767 2.22738 0.00271483 1.92738
-0.00187639 2.24299 0.00301203 1.94299
-0.00177495 2.26148 5.72244e-05 1.96148
-0.0016801 2.26803 5.4474e-05 1.96803
-0.00167095 2.29338 -0.0012575 1.99338
-0.00175229 2.30604 -0.00310158 2.00604
-0.00181045 2.31507 -0.00279274 2.01507
-0.00192237 2.32386 -0.00403561 2.02386
-0.00203692 2.33771 -0.00422497 2.03771
-0.00209241 2.35743 -0.00299966 2.05743
-0.00220037 2.36613 -0.0044378 2.06613
-0.0021768 2.38393 -0.0013347 2.08393
-0.00212718 2.3939 -0.000715871 2.0939
-0.00202581 2.41247 0.000807453 2.11247
-0.00188169 2.42231 0.00202792 2.12231
-0.00170227 2.44321 0.00340311 2.14321
-0.00150765 2.45421 0.00402366 2.15421
-0.00134157 2.47401 0.00374548 2.17401
-0.00117755 2.48343 0.00380708 2.18343
-0.00107581 2.49454 0.00230737 2.19455
-0.00113115 2.5155 -0.00200025 2.2155
-0.00122428 2.52983 -0.00342865 2.22983
-0.00136348 2.5424 -0.00509577 2.2424
-0.0015211 2.55109 -0.00606624 2.25109
-0.00165963 2.56936 -0.00535951 2.26936
-0.00178979 2.57756 -0.00564211 2.27756
-0.00186056 2.58867 -0.00369085 2.28867
-0.00177027 2.59897 0.00193362 2.29897
-0.00168231 2.60517 0.00189833 2.30517
-0.00148971 2.61477 0.00611599 2.31477
-0.00131097 2.62148 0.00586049 2.32148
-0.00124522 2.64181 0.00241138 2.34181
-0.00125562 2.65996 -0.000496671 2.35996
-0.00132653 2.67015 -0.00329026 2.37015
-0.00139057 2.67835 -0.00322334 2.37835
3.45067 3.92005 1.12828 3.62005
2.55069 3.93253 1.05684 3.63253
2.22717 3.94256 1.16384 3.64256
2.14322 3.95447 1.22904 3.65447
2.12071 3.96305 1.25658 3.66305
1.48356 3.97863 1.0041 3.67863
1.42888 3.99203 1.19077 3.69203
1.26793 4.00306 1.13336 3.70306
1.18006 4.01088 1.14604 3.71088
1.30726 4.02705 1.2625 3.72705
1.10146 4.04003 1.08228 3.74003
0.923376 4.05533 1.06707 3.75533
1.21824 4.06547 1.36604 3.76547
1.09629 4.07571 1.1046 3.77571
1.09629 4.07571 1.1046 3.77571
0.969116 4.09943 1.09095 3.79943
0.639312 4.11625 0.898751 3.81625
0.829599 4.12605 1.26363 3.82605
0.723267 4.1424 1.02855 3.8424
0.774775 4.15495 1.15427 3.85495
0.830711 4.17452 1.17064 3.87452
0.621884 4.18487 0.866809 3.88487
0.661613 4.20256 1.11615 3.90256
0.664905 4.22207 1.0734 3.92207
0.667858 4.24011 1.06304 3.94011
0.801158 4.25244 1.235 3.95244
0.850297 4.26374 1.15213 3.96374
0.851537 4.27941 1.09191 3.97941
0.995551 4.29397 1.32913 3.99397
0.81878 4.31163 0.815219 4.01163
0.72015 4.32837 0.893462 4.02837
0.755042 4.34044 1.10042 4.04044
0.783415 4.35134 1.09698 4.05134
0.967796 4.36962 1.43892 4.06962
1.03151 4.38555 1.23445 4.08555
1.10893 4.3981 1.28823 4.0981
1.00823 4.4073 0.884943 4.1073
0.933874 4.42262 0.915573 4.12262
0.97679 4.43571 1.19187 4.13571
1.04591 4.45954 1.27274 4.15954
1.11208 4.46689 1.29039 4.16689
1.1761 4.4779 1.31488 4.1779
1.18681 4.49064 1.18277 4.19064
1.09731 4.51883 0.900343 4.21883
1.10407 4.53092 1.14556 4.23092
1.12556 4.54007 1.19561 4.24007
1.17721 4.55242 1.307 4.25242
1.18226 4.56453 1.17064 4.26453
1.15213 4.58361 1.05006 4.28361
1.14417 4.59466 1.11655 4.29466
1.08038 4.60816 0.903919 4.30816
1.09753 4.61657 1.18622 4.31657
1.09552 4.63037 1.11783 4.33037
1.04867 4.64518 0.931568 4.34518
1.05198 4.65899 1.12128 4.35899
1.06809 4.67936 1.17803 4.37936
1.08556 4.68591 1.18692 4.38591
1.08796 4.70397 1.13057 4.40397
1.11453 4.72366 1.2384 4.42366
1.11713 4.74779 1.14077 4.44779
