32.755 0.3 1.18453 0
24.9045 0.318345 1.15436 0.0183454
18.6728 0.342147 1.21922 0.0421467
13.1669 0.365039 0.990217 0.0650392
7.93707 0.399128 1.11109 0.0991278
3.95684 0.417998 1.10571 0.117998
0.360274 0.447376 1.18538 0.147376
-2.23615 0.466305 1.20862 0.166305
-4.2361 0.484346 1.27954 0.184346
-5.84062 0.50194 1.31723 0.20194
-7.69204 0.526483 0.992723 0.226483
-8.77245 0.541747 1.13426 0.241747
-9.87706 0.560477 1.05064 0.260477
-11.0115 0.582437 0.941683 0.282437
-11.7061 0.600996 1.16176 0.300996
-12.4006 0.622161 1.1757 0.322161
-12.924 0.641481 1.10968 0.341481
-13.3863 0.663205 1.28641 0.363205
-14.1508 0.694731 1.29413 0.394732
-13.9963 0.70837 1.25351 0.40837
-14.2611 0.72957 1.12347 0.42957
-14.3873 0.748904 1.12916 0.448905
-14.7701 0.775358 1.12118 0.475358
-14.263 0.781986 1.09508 0.481987
-14.263 0.781986 1.09508 0.481987
-15.2026 0.823618 1.28015 0.523618
-14.7745 0.835662 1.09158 0.535662
-14.2808 0.843152 1.08636 0.543152
-14.093 0.854748 0.985132 0.554748
-14.1982 0.87196 0.859264 0.57196
-14.7258 0.901239 0.891726 0.601239
-14.3403 0.909712 0.871059 0.609712
-14.3113 0.926289 0.993795 0.626289
-13.9339 0.935853 1.17499 0.635854
-14.4063 0.970022 1.31311 0.670022
-14.1906 0.986353 1.31698 0.686353
-14.347 1.01143 1.09215 0.711431
-13.9685 1.0231 1.1455 0.723102
-13.8632 1.03988 0.961935 0.739881
-14.5341 1.08166 1.16812 0.781662
-14.453 1.10678 1.1809 0.806775
-14.444 1.13466 1.08731 0.834663
-13.8614 1.14596 1.24905 0.845963
-14.4057 1.19119 1.04682 0.891191
-13.9 1.20747 1.23776 0.907473
-13.8852 1.23828 1.16565 0.938282
-13.4225 1.25366 1.10476 0.953655
-13.0842 1.272 1.27759 0.971999
-12.7973 1.28818 0.883185 0.988184
-12.6041 1.30716 1.00745 1.00716
-12.4428 1.32611 0.916305 1.02611
-12.097 1.33838 1.14607 1.03838
-11.9903 1.35886 1.24842 1.05886
