1.59586 0.3 1.32303 0
1.48141 0.315229 1.13014 0.015229
1.29291 0.333361 1.06991 0.033361
1.29515 0.351196 1.1589 0.0511956
1.09391 0.36547 1.01272 0.0654702
1.43916 0.375157 1.41379 0.0751569
1.44267 0.412122 1.19398 0.112122
1.17135 0.421952 0.972592 0.121952
1.16429 0.436441 1.14371 0.136441
1.18815 0.447987 1.17587 0.147987
1.23746 0.499781 1.20047 0.199781
1.19088 0.526649 1.12852 0.226649
1.18771 0.541074 1.15993 0.241074
1.09994 0.563555 1.0544 0.263555
1.03897 0.602788 1.06722 0.302788
1.12983 0.635383 1.23764 0.335383
1.15122 0.649064 1.17878 0.349064
1.13211 0.678386 1.12433 0.378386
1.07535 0.693949 1.04568 0.393949
1.00692 0.712208 0.99398 0.412208
1.01927 0.727828 1.12929 0.427828
1.00718 0.753428 1.08311 0.453428
1.00315 0.759619 1.08428 0.459619
1.09911 0.773695 1.35537 0.473696
1.0677 0.794315 1.04657 0.494315
1.10504 0.824428 1.22281 0.524428
1.13536 0.840034 1.21552 0.540034
1.12481 0.849611 1.11202 0.549611
1.09636 0.868803 1.04907 0.568803
1.08897 0.893246 1.10657 0.593246
1.06463 0.909356 1.04314 0.609356
1.03621 0.937973 1.02512 0.637973
1.03198 0.945894 1.08125 0.645894
0.993567 0.963414 0.968687 0.663414
1.02012 0.982866 1.1732 0.682866
1.02414 1.02957 1.1168 0.729566
1.07453 1.0369 1.27493 0.736902
1.09995 1.07536 1.20616 0.775356
1.09108 1.09416 1.08353 0.794157
1.12652 1.12493 1.25323 0.824928
1.12869 1.1707 1.13771 0.8707
1.13471 1.20761 1.15046 0.907609
1.15255 1.22188 1.2044 0.921881
1.12612 1.23668 1.02855 0.936678
1.11699 1.28665 1.08962 0.986649
1.08015 1.29893 0.956542 0.998935
1.07274 1.33281 1.07235 1.03281
1.09049 1.34246 1.17869 1.04246
1.09548 1.35706 1.13523 1.05706
1.0943 1.36538 1.10098 1.06538
1.10696 1.39312 1.19024 1.09312
1.11247 1.41108 1.15176 1.11108
1.09434 1.42929 0.992782 1.12929
1.10241 1.44419 1.16549 1.14419
1.11045 1.45392 1.173 1.15392
1.13481 1.48624 1.30379 1.18624
