1.08638 0.3 1.16032 0
0.99212 0.314679 1.07112 0.0146794
1.13657 0.323381 1.24504 0.0233808
1.28914 0.360893 1.27095 0.0608935
1.28503 0.379601 1.18347 0.0796013
1.3531 0.41359 1.24912 0.11359
1.19626 0.441003 1.06443 0.141003
1.15099 0.457694 1.12526 0.157694
1.0392 0.485113 1.03513 0.185113
0.939511 0.514797 1.01395 0.214797
0.847897 0.541129 0.982448 0.241129
0.919889 0.553591 1.17092 0.253591
1.01433 0.584832 1.23162 0.284832
0.98407 0.600575 1.05655 0.300575
1.06644 0.614799 1.25533 0.314799
1.03881 0.630462 1.06678 0.330462
1.11882 0.650445 1.28837 0.350445
1.17568 0.67516 1.26239 0.37516
1.06806 0.702787 0.926132 0.402787
1.06303 0.721236 1.10987 0.421236
1.08812 0.732499 1.18165 0.432499
1.09657 0.758566 1.15096 0.458566
1.09657 0.758566 1.15096 0.458566
1.12701 0.812352 1.20282 0.512352
1.06338 0.830821 0.984723 0.530821
0.985216 0.854399 0.913566 0.554399
0.979296 0.869688 1.06149 0.569688
0.952342 0.90201 1.0065 0.60201
0.976146 0.923717 1.13276 0.623717
1.03051 0.942916 1.23195 0.642916
1.06819 0.963107 1.21913 0.663107
1.10528 0.980335 1.24023 0.680335
1.12982 0.995223 1.21596 0.695223
1.18755 1.01568 1.35948 0.715681
1.19329 1.0415 1.17674 0.741504
1.19003 1.04839 1.14802 0.748389
1.16756 1.06592 1.05407 0.765916
1.17386 1.09438 1.17502 0.794382
1.15535 1.10947 1.06623 0.809465
1.14975 1.13128 1.11459 0.831276
1.15061 1.15122 1.14557 0.851221
1.13526 1.17329 1.05905 0.873294
1.12875 1.20353 1.0994 0.903529
1.13695 1.23645 1.17433 0.936446
1.14607 1.26483 1.18367 0.964832
1.1295 1.27401 1.0442 0.97401
1.13111 1.30672 1.14021 1.00672
1.13321 1.34052 1.14356 1.04052
1.14097 1.36898 1.17848 1.06898
1.1571 1.38228 1.23985 1.08228
