0.576298 0.3 1.1158 0
0.766099 0.32356 1.19766 0.02356
0.812178 0.337914 1.14219 0.0379143
0.797049 0.363985 1.10851 0.0639853
0.649768 0.376961 0.985146 0.0769606
0.510777 0.407766 0.969821 0.107766
0.674384 0.43046 1.16079 0.13046
0.800623 0.455783 1.16721 0.155783
0.887004 0.464103 1.16271 0.164103
1.11945 0.481284 1.37141 0.181284
1.03157 0.505862 1.04387 0.205862
1.02237 0.530797 1.11558 0.230797
1.09996 0.543646 1.22742 0.243646
1.11086 0.565465 1.15801 0.265465
1.14996 0.584081 1.20438 0.284081
1.06926 0.612641 1.03463 0.312641
1.08736 0.635317 1.16175 0.335317
1.06303 0.659185 1.0975 0.359185
1.0141 0.67661 1.03992 0.376611
1.13974 0.69094 1.35821 0.39094
1.17513 0.722367 1.22094 0.422367
1.13247 0.741477 1.07647 0.441477
1.12357 0.754937 1.12956 0.454937
1.11143 0.775239 1.11927 0.475239
1.06658 0.803809 1.04061 0.503809
1.06014 0.833776 1.11461 0.533776
1.10035 0.8724 1.2181 0.5724
1.10914 0.908444 1.15799 0.608444
1.13301 0.928088 1.19756 0.628088
1.13556 0.967836 1.15609 0.667836
1.0709 1.00758 0.987729 0.707576
1.01829 1.04213 0.983989 0.742126
0.994137 1.05989 1.02078 0.759888
1.03358 1.09518 1.2079 0.795176
1.08086 1.11925 1.25246 0.819255
1.14064 1.15232 1.32366 0.852315
1.17466 1.16994 1.27284 0.869937
1.19331 1.18927 1.23856 0.889275
1.22266 1.21268 1.29704 0.912679
1.23872 1.2438 1.25679 0.943795
1.25128 1.27159 1.25462 0.971589
1.23796 1.29105 1.1467 0.991046
1.24892 1.31219 1.2582 1.01219
1.22853 1.32803 1.10434 1.02803
1.23032 1.35476 1.21011 1.05476
1.21587 1.37389 1.12254 1.07389
1.17757 1.39563 0.972064 1.09563
1.1969 1.40501 1.30018 1.10501
1.18629 1.4301 1.12101 1.1301
1.19892 1.44253 1.27049 1.14253
1.19583 1.4752 1.17183 1.1752
1.17432 1.48272 1.03549 1.18272
1.15222 1.51233 1.02812 1.21233
1.13192 1.53179 1.00925 1.23179
1.09128 1.55824 0.856333 1.25824
1.10236 1.57349 1.21846 1.27349
1.11788 1.60468 1.26812 1.30468
1.13008 1.62567 1.24643 1.32567
1.14955 1.64234 1.31822 1.34234
1.13678 1.65853 1.05765 1.35853
1.12881 1.69145 1.0909 1.39145
1.1313 1.71172 1.17846 1.41172
1.13589 1.73671 1.19834 1.43671
1.16263 1.75894 1.40936 1.45894
1.16514 1.79475 1.20329 1.49475
1.17038 1.82303 1.22973 1.52303
1.1789 1.85808 1.2673 1.55808
1.1789 1.85808 1.2673 1.55808
1.18625 1.93355 1.26908 1.63355
1.17809 1.95704 1.12006 1.65704
1.18235 1.99931 1.23905 1.69931
1.19793 2.03265 1.35497 1.73265
1.20323 2.05461 1.26568 1.75461
1.22164 2.07002 1.4174 1.77002
1.22495 2.09838 1.2733 1.79838
1.22223 2.11732 1.20381 1.81732
1.22181 2.13563 1.23058 1.83563
1.2087 2.14882 1.05966 1.84882
1.19362 2.16871 1.01904 1.86871
1.1853 2.18495 1.09394 1.88495
1.18445 2.20031 1.19513 1.90031
1.19437 2.21444 1.36427 1.91444
1.19771 2.23586 1.27836 1.93586
1.19138 2.26462 1.12879 1.96462
1.18692 2.27607 1.137 1.97607
1.17852 2.29955 1.07236 1.99955
1.17585 2.31884 1.16371 2.01884
1.18467 2.34477 1.38928 2.04477
1.1816 2.35393 1.14909 2.05393
1.19157 2.37317 1.427 2.07317
1.19423 2.40308 1.30351 2.10308
1.18735 2.41076 1.06979 2.11076
1.19175 2.42159 1.32024 2.12159
1.18507 2.44062 1.08159 2.14062
1.17275 2.47114 0.956057 2.17114
1.16688 2.48203 1.06314 2.18203
1.16324 2.49571 1.11464 2.19571
1.16627 2.51449 1.29305 2.21449
1.1686 2.52865 1.27296 2.22865
1.17089 2.54707 1.28506 2.24707
1.16806 2.56398 1.14175 2.26398
1.16606 2.58728 1.17438 2.28728
1.16687 2.60066 1.23678 2.30066
1.16697 2.6204 1.23066 2.3204
1.16584 2.65344 1.22161 2.35344
1.16573 2.67909 1.23869 2.37909
1.16384 2.6986 1.16772 2.3986
1.15999 2.71143 1.08272 2.41143
1.1617 2.7513 1.33086 2.4513
1.15967 2.762 1.13537 2.462
1.15898 2.78295 1.20598 2.48295
1.16445 2.80174 1.4317 2.50174
1.16149 2.82625 1.13626 2.52625
1.16196 2.8389 1.23477 2.5389
1.16047 2.85925 1.17862 2.55925
1.16047 2.85925 1.17862 2.55925
1.15477 2.89273 1.03695 2.59273
1.14823 2.91333 0.952813 2.61333
1.14455 2.93879 1.07251 2.63879
1.14717 2.95623 1.32418 2.65623
1.14679 2.97244 1.19079 2.67244
1.14704 2.99452 1.23513 2.69452
1.1449 3.02823 1.15057 2.72823
1.13915 3.05351 0.945145 2.75351
1.13613 3.09434 1.09686 2.79434
1.13415 3.11701 1.09816 2.81701
1.13634 3.14818 1.32467 2.84818
1.13897 3.16389 1.32328 2.86389
1.1401 3.21276 1.30996 2.91276
1.13921 3.24843 1.16969 2.94843
1.13448 3.27545 0.928265 2.97545
1.13393 3.30024 1.14826 3.00024
1.13278 3.32964 1.11219 3.02964
1.13092 3.36045 1.06085 3.06045
1.13189 3.38422 1.21568 3.08422
1.13235 3.42025 1.1873 3.12025
1.13125 3.43516 1.07557 3.13516
1.1351 3.44943 1.38713 3.14944
1.13778 3.47465 1.32055 3.17465
1.13549 3.49466 0.99658 3.19466
1.13562 3.50783 1.14769 3.20783
1.13557 3.53163 1.13163 3.23163
1.13358 3.55003 0.995899 3.25003
1.13605 3.55965 1.28725 3.25965
1.13888 3.59498 1.17696 3.29498
1.13892 3.61975 1.09946 3.31975
1.14244 3.63774 1.16893 3.33774
1.1415 3.651 0.952424 3.351
1.14093 3.69115 1.09671 3.39115
1.13723 3.71938 1.09479 3.41938
1.13384 3.74673 0.983867 3.44673
1.13298 3.764 1.12631 3.464
1.13072 3.79663 0.986578 3.49663
1.13018 3.82513 0.866383 3.52513
1.13038 3.85645 1.07362 3.55645
1.12932 3.86892 0.985891 3.56892
1.13177 3.89575 1.10507 3.59575
1.13154 3.9096 1.0887 3.6096
1.13359 3.93463 1.16308 3.63463
1.1369 3.95713 1.27054 3.65714
1.1383 3.97408 1.13291 3.67408
1.14124 3.98932 1.24777 3.68932
1.14124 3.98932 1.24777 3.68932
1.14124 3.98932 1.24777 3.68932
1.14124 3.98932 1.24777 3.68932
1.14124 3.98932 1.24777 3.68932
1.14804 4.12705 0.954168 3.82705
1.15011 4.15912 1.12791 3.85912
1.15342 4.1843 1.21708 3.8843
1.15567 4.20712 1.15487 3.90712
1.16162 4.24147 1.2979 3.94147
1.17456 4.26523 1.19681 3.96523
1.17576 4.27946 1.15417 3.97946
1.17316 4.29959 1.11878 3.99959
1.18008 4.31492 1.27293 4.01492
1.16884 4.35098 0.961203 4.05098
1.17089 4.37811 1.11639 4.07811
1.17353 4.40459 1.17796 4.10459
1.17405 4.42204 1.11868 4.12204
1.17669 4.45447 1.15807 4.15447
1.17946 4.4968 1.12743 4.1968
1.18115 4.53421 1.05763 4.23421
1.17966 4.55802 0.95296 4.25802
1.18076 4.57392 1.14054 4.27392
1.1806 4.59554 1.02569 4.29554
1.18207 4.62755 1.12836 4.32755
1.18207 4.62755 1.12836 4.32755
1.187 4.65978 1.32368 4.35978
1.1903 4.66683 1.33177 4.36683
1.19286 4.70503 1.15116 4.40503
1.19193 4.71843 1.04527 4.41843
1.19122 4.73801 1.01934 4.43801
1.1911 4.75148 1.09706 4.45148
1.19423 4.79075 1.21738 4.49075
1.1969 4.8068 1.28492 4.5068
1.19863 4.82698 1.21826 4.52698
1.20081 4.84538 1.25299 4.54538
1.20185 4.86872 1.1215 4.56872
1.20078 4.88925 0.994793 4.58925
1.1997 4.90697 1.01827 4.60697
1.19649 4.92717 0.918823 4.62717
1.19745 4.94276 1.22708 4.64276
1.19888 4.96748 1.25704 4.66748
1.19838 4.97932 1.14932 4.67932
1.20019 5.00107 1.26437 4.70107
1.19587 5.01693 0.879518 4.71693
1.19195 5.03882 0.866505 4.73882
1.19013 5.05078 1.04263 4.75078
1.19056 5.07026 1.13068 4.77026
1.19032 5.09068 1.123 4.79068
1.18902 5.10527 1.01153 4.80527
1.18929 5.11901 1.16693 4.81901
1.18796 5.14384 0.978339 4.84384
1.19067 5.16405 1.23016 4.86405
1.19118 5.18463 1.20483 4.88463
1.19134 5.1964 1.14084 4.8964
1.19242 5.2214 1.22471 4.9214
1.19126 5.25318 1.01258 4.95318
1.19249 5.30072 1.1117 5.00072
1.19296 5.33205 1.11618 5.03205
1.19298 5.35379 1.10891 5.05379
1.19336 5.37901 1.09589 5.07901
1.19131 5.41914 1.03507 5.11914
1.19001 5.45107 1.11026 5.15107
1.18896 5.47326 1.12485 5.17326
1.1895 5.4862 1.25844 5.1862
1.1906 5.49825 1.23457 5.19825
1.18739 5.51689 0.935501 5.21689
1.1876 5.53335 1.20585 5.23335
1.18667 5.5617 1.13563 5.2617
1.18563 5.5778 1.18363 5.2778
1.18586 5.5986 1.21758 5.2986
1.18444 5.62053 1.11008 5.32053
1.18497 5.64892 1.26779 5.34892
1.18504 5.66937 1.24381 5.36937
1.18426 5.69142 1.12431 5.39142
1.18252 5.72856 1.12857 5.42856
1.17906 5.74585 1.03909 5.44585
1.17643 5.79324 1.08812 5.49324
1.17643 5.79324 1.08812 5.49324
1.17643 5.79324 1.08812 5.49324
1.17643 5.79324 1.08812 5.49324
1.17643 5.79324 1.08812 5.49324
1.16887 5.99907 1.09314 5.69907
1.16439 6.04494 1.00996 5.74494
1.16486 6.06759 1.25368 5.76759
1.16384 6.08351 1.15245 5.78351
1.15987 6.10544 0.96086 5.80544
1.15757 6.12652 1.0591 5.82652
1.15503 6.14122 1.03627 5.84122
1.15695 6.14936 1.31386 5.84936
1.15905 6.17205 1.38447 5.87205
1.16118 6.19035 1.36821 5.89035
1.16243 6.20881 1.29888 5.90881
1.16203 6.22145 1.18089 5.92145
1.15941 6.24632 1.06874 5.94632
1.15863 6.25967 1.16315 5.95967
1.15474 6.28515 1.02428 5.98515
1.15109 6.30415 0.981359 6.00415
1.1497 6.33459 1.18305 6.03459
1.14775 6.35577 1.10224 6.05577
1.1464 6.38382 1.13812 6.08382
1.14562 6.42382 1.21789 6.12382
1.1442 6.45072 1.13697 6.15072
1.1418 6.47066 1.05598 6.17066
1.14061 6.49217 1.14502 6.19217
1.13764 6.52708 1.07589 6.22708
1.13656 6.55472 1.16097 6.25472
1.13663 6.56634 1.1818 6.26634
1.1377 6.5856 1.26427 6.2856
1.13876 6.59953 1.25911 6.29953
1.14004 6.62771 1.31379 6.32771
1.14191 6.65576 1.34493 6.35576
1.14018 6.70696 1.18032 6.40696
1.13872 6.73309 1.12478 6.43309
1.13872 6.73309 1.12478 6.43309
1.13872 6.73309 1.12478 6.43309
1.13872 6.73309 1.12478 6.43309
1.1336 6.89956 1.24236 6.59956
1.13118 6.92638 1.07048 6.62638
1.12796 6.94763 1.03431 6.64763
1.12488 6.99203 1.01995 6.69203
1.12378 7.00937 1.11609 6.70937
1.12465 7.03855 1.2247 6.73855
1.12523 7.06684 1.13719 6.76684
1.12382 7.08751 1.09433 6.78751
1.12259 7.1126 1.0789 6.8126
1.12259 7.1126 1.0789 6.8126
1.12378 7.20713 1.31139 6.90713
1.12378 7.20713 1.31139 6.90713
1.12362 7.26259 1.23024 6.96259
1.12303 7.30357 1.21959 7.00357
1.12261 7.33295 1.17595 7.03295
1.12492 7.36157 1.23647 7.06157
1.12637 7.37972 1.22321 7.07972
1.12939 7.39222 1.29198 7.09222
1.1298 7.40979 1.18367 7.10979
1.13234 7.4324 1.38517 7.1324
1.1352 7.4502 1.35515 7.1502
1.13321 7.46768 1.0739 7.16768
1.13338 7.48549 1.13029 7.18549
1.13502 7.51476 1.23225 7.21476
1.13712 7.52976 1.24859 7.22976
1.1382 7.54778 1.23254 7.24778
1.1415 7.56379 1.43973 7.26379
1.14207 7.59489 1.2465 7.29489
1.14116 7.63526 1.18279 7.33526
1.14086 7.65376 1.19445 7.35376
1.14011 7.68373 1.14747 7.38373
1.1386 7.70838 1.09196 7.40838
1.13822 7.74983 1.22821 7.44983
1.14059 7.76637 1.26869 7.46637
1.14549 7.79498 1.3475 7.49498
1.14549 7.79498 1.3475 7.49498
1.14158 7.83918 1.16128 7.53918
1.14464 7.84936 1.38256 7.54936
1.14298 7.89108 1.14161 7.59108
1.14149 7.90346 1.13821 7.60346
1.13983 7.93872 1.06915 7.63872
1.13885 7.95538 1.111 7.65538
1.13774 8.01028 1.20731 7.71028
1.14051 8.02474 1.36211 7.72474
1.13949 8.04693 1.21614 7.74693
1.14174 8.06362 1.37023 7.76362
1.1413 8.08485 1.20324 7.78485
1.14042 8.0955 1.19655 7.7955
1.14455 8.10768 1.48935 7.80768
1.13956 8.12224 0.930375 7.82224
1.13923 8.13072 1.28473 7.83072
1.13461 8.1409 0.906603 7.8409
1.13309 8.16709 1.20773 7.86709
1.13311 8.18202 1.23259 7.88202
1.13027 8.19988 1.0513 7.89988
1.13236 8.20996 1.33876 7.90996
1.13263 8.23559 1.20909 7.93559
1.13422 8.25568 1.34144 7.95568
1.13839 8.27835 1.47324 7.97835
1.13543 8.28845 1.05861 7.98845
1.13788 8.29637 1.36725 7.99637
1.13539 8.3134 1.02488 8.0134
1.13304 8.32968 1.04575 8.02968
1.13268 8.33806 1.1166 8.03806
1.13128 8.3476 1.07227 8.0476
1.12989 8.35428 1.07455 8.05428
1.12909 8.36654 1.1366 8.06654
1.12933 8.37343 1.15591 8.07343
1.12325 8.38402 0.786395 8.08402
1.11768 8.39103 0.770932 8.09103
1.11748 8.41007 1.16181 8.11007
1.11803 8.42265 1.20991 8.12265
1.11772 8.43148 1.13328 8.13148
1.11884 8.44851 1.25088 8.14851
1.11359 8.46553 0.802571 8.16553
1.11049 8.48523 0.95873 8.18523
1.11125 8.49763 1.20216 8.19763
1.11171 8.52626 1.20976 8.22626
1.11383 8.54071 1.29282 8.24071
1.11412 8.55428 1.16556 8.25428
1.1141 8.56935 1.13863 8.26935
1.11261 8.59394 1.03833 8.29394
1.10802 8.60852 0.817116 8.30852
1.10977 8.61807 1.23139 8.31807
1.10689 8.62745 0.925949 8.32745
1.1118 8.65895 1.4468 8.35895
1.11641 8.6776 1.42689 8.3776
1.11774 8.6877 1.21109 8.3877
1.12045 8.69935 1.30451 8.39935
1.1184 8.72958 0.96257 8.42958
1.11702 8.75416 0.987772 8.45416
1.11863 8.76394 1.1942 8.46394
1.12204 8.78119 1.2872 8.48119
1.12302 8.79236 1.187 8.49236
1.12414 8.81414 1.18655 8.51414
1.12641 8.82636 1.25045 8.52636
1.12379 8.83878 0.96014 8.53878
1.12379 8.85184 1.04846 8.55184
1.12398 8.87563 1.04055 8.57563
1.12578 8.88719 1.19835 8.58719
1.12727 8.89351 1.20578 8.59351
1.13155 8.90957 1.36749 8.60957
1.13744 8.92486 1.3596 8.62486
1.13516 8.93633 1.00954 8.63633
1.1373 8.94388 0.937732 8.64388
1.13911 8.96552 1.20462 8.66552
1.13896 8.97148 1.21677 8.67148
1.14207 8.98237 1.18957 8.68237
1.14098 8.98979 1.25935 8.68979
1.14441 9.01098 1.02988 8.71098
1.14246 9.01726 0.992494 8.71726
1.14238 9.02806 1.09142 8.72806
1.14046 9.03597 0.981506 8.73597
1.13899 9.05059 0.983489 8.75059
1.14084 9.08585 1.10795 8.78585
1.14278 9.09839 1.20075 8.79839
1.14393 9.1103 1.15665 8.8103
1.14416 9.12708 1.10072 8.82708
1.14253 9.16461 0.893857 8.86461
1.13869 9.18212 0.797484 8.88212
1.13911 9.19417 1.10604 8.89417
1.13047 9.21405 1.0144 8.91405
1.14316 9.22474 1.34486 8.92474
1.13368 9.23924 1.08233 8.93924
1.13516 9.25038 1.1584 8.95038
1.13454 9.26668 1.10489 8.96668
1.13229 9.27745 1.01249 8.97745
1.13139 9.30403 0.943872 9.00403
1.12958 9.33034 0.88889 9.03034
1.13103 9.33938 1.10606 9.03938
1.12893 9.35272 0.904963 9.05272
1.13301 9.38663 1.15483 9.08663
1.13476 9.41352 0.972414 9.11352
1.13165 9.42714 1.00148 9.12714
1.13642 9.43966 1.35082 9.13966
1.13939 9.45442 1.04768 9.15442
1.14564 9.47283 1.30259 9.17283
1.14564 9.47283 1.30259 9.17283
1.14564 9.47283 1.30259 9.17283
1.14564 9.47283 1.30259 9.17283
1.14564 9.47283 1.30259 9.17283
1.15627 9.55498 1.17151 9.25498
1.15118 9.56365 0.99401 9.26365
1.14666 9.58778 1.0071 9.28778
1.1441 9.5982 1.16581 9.2982
1.13991 9.61372 0.991542 9.31372
1.13972 9.62585 1.10079 9.32585
1.15136 9.64428 1.54463 9.34428
1.15021 9.65364 1.0557 9.35364
1.15576 9.67796 1.16778 9.37796
1.16319 9.70041 1.22853 9.40041
1.15967 9.7093 0.967959 9.4093
1.16118 9.71931 1.12249 9.41931
1.16123 9.74327 1.01355 9.44327
1.15656 9.76655 0.87497 9.46655
1.15582 9.78274 1.01434 9.48274
1.15585 9.79986 0.96259 9.49986
1.15752 9.81716 1.12547 9.51716
1.16095 9.84333 1.08634 9.54333
1.16357 9.86733 1.14807 9.56733
1.169 9.89563 1.27223 9.59563
1.1692 9.91263 1.18683 9.61263
1.17135 9.94359 1.19709 9.64359
1.16936 9.96221 1.13681 9.66221
1.16005 9.99431 0.793673 9.69431
1.15169 10.0003 0.793232 9.70033
1.15313 10.0247 1.05315 9.72473
1.15472 10.0378 1.22725 9.73784
1.16625 10.0554 1.42504 9.75539
1.17999 10.0677 1.43073 9.76774
1.18716 10.0842 1.25772 9.78421
1.1916 10.1073 1.15698 9.80733
1.19042 10.1147 1.11785 9.81468
1.19552 10.1342 1.22014 9.83423
1.19494 10.1538 0.948189 9.85383
1.19635 10.181 0.981727 9.88097
1.19364 10.1962 1.11805 9.89617
1.19604 10.2121 1.22401 9.91213
1.20596 10.236 1.47701 9.93597
1.20949 10.2485 1.22504 9.94855
1.21163 10.2675 1.21862 9.96746
1.2134 10.2896 1.1852 9.98956
1.21141 10.3099 1.12827 10.0099
1.21162 10.3166 1.13286 10.0166
1.20895 10.3408 1.20132 10.0408
1.19952 10.3598 0.934863 10.0598
1.19827 10.3798 0.935825 10.0798
1.19876 10.3943 1.07549 10.0943
1.19526 10.4197 1.01697 10.1197
1.19694 10.4271 1.26776 10.1271
1.19901 10.45 1.23573 10.15
1.19112 10.4647 1.11738 10.1647
1.19539 10.4789 1.35533 10.1789
1.19157 10.5053 0.979326 10.2053
1.18567 10.5207 0.935616 10.2207
1.18554 10.5288 1.10435 10.2288
1.18554 10.5288 1.10435 10.2288
1.17846 10.5752 0.749569 10.2752
1.17635 10.5872 1.11596 10.2872
1.17568 10.5976 1.21349 10.2976
1.17662 10.6138 1.3477 10.3138
1.18127 10.6583 1.26821 10.3583
1.17328 10.6775 1.07604 10.3775
1.17097 10.7028 1.03228 10.4028
1.17077 10.7339 1.1036 10.4339
1.17286 10.7661 1.12104 10.4661
1.17781 10.7923 1.27196 10.4923
1.17839 10.8149 1.21923 10.5149
1.17166 10.8484 1.11134 10.5484
1.16817 10.8547 1.08716 10.5547
1.15033 10.8801 0.845997 10.5801
1.14436 10.8937 0.946251 10.5937
1.13646 10.9168 0.853994 10.6168
1.12997 10.9257 1.21187 10.6257
1.13425 10.9396 1.124 10.6396
1.13175 10.9685 1.19054 10.6685
1.13894 10.9853 1.24131 10.6853
1.13471 10.9997 1.02497 10.6997
1.13526 11.0184 1.27785 10.7184
1.14057 11.0442 1.32585 10.7442
1.13854 11.0615 1.27357 10.7615
1.1383 11.0797 1.22798 10.7797
1.13232 11.1018 1.09444 10.8018
1.12068 11.1126 0.936688 10.8126
1.12117 11.1269 1.10074 10.8269
1.11298 11.1398 0.991536 10.8398
1.11484 11.1689 1.14558 10.8689
1.11808 11.1803 1.22271 10.8803
1.11541 11.1886 0.995339 10.8886
1.11657 11.2001 1.14505 10.9001
1.11207 11.2309 0.875289 10.9309
1.10953 11.2479 1.02398 10.9479
1.10993 11.2599 1.19278 10.9599
1.11731 11.2729 1.16395 10.9729
1.12434 11.2871 1.13238 10.9871
1.12552 11.3016 1.24637 11.0016
1.12481 11.3191 1.20323 11.0191
1.12421 11.3348 1.12506 11.0348
1.12411 11.3497 1.27857 11.0497
1.12829 11.3671 1.03075 11.0671
1.12859 11.3868 0.992966 11.0868
1.12579 11.4053 1.08569 11.1053
1.12477 11.4225 1.1889 11.1225
1.12204 11.445 1.193 11.145
1.12031 11.4597 1.10005 11.1597
1.12487 11.4726 1.41553 11.1726
1.125 11.4833 1.06117 11.1833
1.14032 11.5084 1.31869 11.2084
1.14315 11.5229 1.39292 11.2229
1.14367 11.5474 0.98415 11.2474
1.12755 11.5541 1.01581 11.2541
1.11884 11.5745 1.01427 11.2745
1.11537 11.5943 1.0675 11.2943
1.11717 11.6236 1.24 11.3236
1.12216 11.6294 1.21057 11.3294
1.1263 11.6422 1.20779 11.3422
1.12608 11.6641 1.23249 11.3641
1.12249 11.6839 1.17057 11.3839
1.12153 11.6905 1.1703 11.3905
1.1205 11.7133 1.19387 11.4133
1.11524 11.7284 1.05001 11.4284
1.11527 11.7466 0.996238 11.4466
1.11661 11.76 1.14262 11.46
1.11732 11.782 1.11699 11.482
1.11626 11.7955 1.1882 11.4955
1.11381 11.8079 1.12968 11.5079
1.10817 11.8459 1.19313 11.5459
1.10106 11.8599 1.08003 11.5599
1.10047 11.8824 1.02269 11.5824
1.10529 11.8949 1.18345 11.5949
1.10274 11.9409 1.16977 11.6409
1.10046 11.9566 1.15336 11.6566
1.09857 11.988 1.16172 11.688
1.09581 12.006 1.1788 11.706
1.09741 12.0366 1.14743 11.7366
1.10222 12.0542 1.23859 11.7542
1.10529 12.0771 1.27103 11.7771
1.11167 12.0929 1.2969 11.7929
1.11808 12.118 1.31313 11.818
1.12017 12.1363 1.24009 11.8363
1.12009 12.1608 1.24939 11.8608
1.11738 12.1811 1.07392 11.8811
1.11541 12.2048 1.05115 11.9048
1.12077 12.2314 1.171 11.9314
1.13017 12.2612 1.2604 11.9612
1.13283 12.2802 1.26562 11.9802
1.13924 12.299 1.34331 11.999
1.1287 12.3224 0.918837 12.0224
1.12732 12.3474 1.06226 12.0474
1.12585 12.355 1.11185 12.055
1.12328 12.3727 1.01785 12.0727
1.12594 12.388 1.15853 12.088
1.13168 12.4088 1.23912 12.1088
1.13655 12.4178 1.12264 12.1178
1.14283 12.4326 1.43196 12.1326
1.15217 12.4463 1.36106 12.1463
1.14971 12.4663 1.09022 12.1663
1.15625 12.4805 1.30843 12.1805
1.154 12.49 0.914347 12.19
1.14411 12.509 0.946788 12.209
1.13196 12.5274 0.69003 12.2274
1.12859 12.5442 1.01161 12.2442
1.13011 12.5556 1.27645 12.2556
1.1396 12.5803 1.49021 12.2803
1.14993 12.5945 1.53132 12.2945
1.14753 12.6078 1.09428 12.3078
1.14687 12.6243 0.995549 12.3243
1.14739 12.6396 1.16659 12.3396
1.1349 12.6634 1.03885 12.3634
1.13834 12.6771 1.25542 12.3771
1.1407 12.6952 1.33575 12.3952
1.1419 12.7068 1.33424 12.4068
1.15149 12.7301 1.48392 12.4301
1.15571 12.7475 1.38257 12.4475
1.15931 12.7589 1.2205 12.4589
1.16329 12.7698 1.08675 12.4698
1.15815 12.7838 0.806322 12.4838
1.15298 12.7987 1.06993 12.4987
1.15021 12.805 1.05051 12.505
1.15128 12.8149 1.1805 12.5149
1.15551 12.8448 1.35569 12.5448
1.15853 12.86 1.20895 12.56
1.15881 12.8733 1.2575 12.5733
1.15914 12.8859 1.27164 12.5859
1.15866 12.9215 1.23214 12.6215
1.16476 12.9439 1.12923 12.6439
1.16212 12.9631 1.19386 12.6631
1.1635 12.9804 1.19158 12.6804
1.17311 12.9956 1.27319 12.6956
1.17177 13.0204 1.44836 12.7204
1.16889 13.0395 1.40735 12.7395
1.16512 13.0523 1.15964 12.7523
1.1636 13.0685 1.16449 12.7685
1.16188 13.0974 1.15303 12.7974
1.15598 13.1191 1.05291 12.8191
1.16059 13.1328 1.20228 12.8328
1.16301 13.1719 1.21962 12.8719
1.16102 13.2041 1.14985 12.9041
1.1605 13.226 1.29846 12.926
1.15409 13.2454 1.31082 12.9454
1.14928 13.278 1.14992 12.978
1.15237 13.2984 1.44916 12.9984
1.1485 13.3123 1.08939 13.0123
1.14166 13.3315 0.91461 13.0315
1.14369 13.341 1.27335 13.041
1.14006 13.366 1.15023 13.066
1.14404 13.3742 1.13787 13.0742
1.15164 13.3922 1.32456 13.0922
1.1503 13.4024 1.06635 13.1024
1.14965 13.4262 1.07273 13.1262
1.14918 13.4505 1.35034 13.1505
1.14537 13.4898 1.21607 13.1898
1.14803 13.5035 1.29014 13.2035
1.1429 13.5122 1.19935 13.2122
1.14308 13.545 1.09199 13.245
1.146 13.5815 1.16773 13.2815
1.14135 13.5955 0.959508 13.2955
1.14823 13.6113 1.08102 13.3113
1.15095 13.6296 1.297 13.3296
1.14696 13.6488 1.11418 13.3488
1.14307 13.6613 1.24309 13.3613
1.14335 13.6821 1.36051 13.3821
1.14695 13.7053 1.30825 13.4053
1.14751 13.7338 1.14527 13.4338
1.14693 13.7533 1.14602 13.4533
1.14707 13.7765 1.20442 13.4765
1.14019 13.8026 1.0571 13.5026
1.13706 13.8265 1.15745 13.5265
1.13686 13.8458 1.16363 13.5458
1.13458 13.869 1.05021 13.569
1.13797 13.8807 1.0295 13.5807
1.14245 13.9052 1.20495 13.6052
1.14559 13.9316 1.19034 13.6316
1.14439 13.9495 1.18953 13.6495
1.14481 13.9569 1.16672 13.6569
1.14221 13.9865 1.10665 13.6865
1.13648 14.0083 0.960741 13.7083
1.13643 14.0236 1.03912 13.7236
1.1318 14.0319 1.03651 13.7319
1.12668 14.0512 1.16437 13.7512
1.12532 14.0741 1.25098 13.7741
1.12034 14.0834 1.01418 13.7834
1.12043 14.0994 1.12027 13.7994
1.12788 14.1121 1.30677 13.8121
1.13125 14.1348 1.28921 13.8348
1.1399 14.1469 1.42409 13.8469
1.14464 14.1744 1.41096 13.8744
1.14192 14.1933 1.1201 13.8933
1.14401 14.2002 1.1018 13.9002
1.14434 14.2152 1.18075 13.9152
1.14919 14.2345 1.07211 13.9345
1.14658 14.2543 0.865413 13.9543
1.14977 14.2631 1.38593 13.9631
1.14727 14.2821 1.02118 13.9821
1.14466 14.2906 0.979111 13.9906
1.14155 14.3132 1.06651 14.0132
1.13841 14.3278 1.01794 14.0278
1.13842 14.3505 1.10527 14.0505
1.13857 14.3639 1.28652 14.0639
1.14415 14.3859 1.32004 14.0859
1.14776 14.4041 1.16951 14.1041
1.15333 14.4183 1.3855 14.1183
1.15476 14.4533 1.23948 14.1533
1.15366 14.4752 1.11039 14.1752
1.15458 14.4932 1.12652 14.1932
1.14816 14.508 1.05372 14.208
1.14941 14.5414 1.07326 14.2414
1.1483 14.5657 1.2246 14.2657
