1.68762 0.3 1.16565 0
1.70983 0.318069 1.19495 0.0180693
1.34368 0.335137 0.993424 0.0351374
1.32587 0.353146 1.13167 0.0531464
1.58688 0.384972 1.29043 0.0849719
1.77132 0.399083 1.32652 0.0990827
1.99736 0.423444 1.40316 0.123444
1.83509 0.4329 1.16921 0.1329
1.72362 0.489423 1.19905 0.189423
1.50316 0.497813 1.09245 0.197814
1.38703 0.519838 1.11853 0.219838
1.34344 0.544738 1.1656 0.244738
1.39037 0.582254 1.25598 0.282254
1.34715 0.598482 1.17574 0.298482
1.376 0.612907 1.26127 0.312907
1.40986 0.636842 1.27861 0.336842
1.30671 0.656128 1.07764 0.356128
1.36099 0.678625 1.3078 0.378625
1.31368 0.707744 1.15369 0.407744
1.27848 0.714256 1.15992 0.414256
1.17988 0.739874 1.01618 0.439874
1.15216 0.757343 1.12556 0.457343
1.16047 0.800502 1.19495 0.500502
1.16499 0.812603 1.1875 0.512603
1.2171 0.832168 1.30302 0.532168
1.20461 0.850519 1.16812 0.550519
1.12737 0.878644 1.00125 0.578644
1.10572 0.89763 1.10891 0.59763
1.08184 0.914521 1.08907 0.614521
1.06251 0.932794 1.08947 0.632794
1.04084 0.953746 1.07254 0.653746
1.02773 0.974747 1.09728 0.674747
1.09329 0.988132 1.33485 0.688132
1.14377 1.00595 1.32818 0.705952
1.19008 1.02226 1.33506 0.722255
1.19008 1.02226 1.33506 0.722255
1.14509 1.04829 1.02109 0.748286
1.12888 1.06329 1.10158 0.763288
1.11342 1.07182 1.09031 0.771825
1.05318 1.08686 0.894637 0.786857
1.02568 1.10616 1.00747 0.806164
1.04184 1.12743 1.18898 0.827426
1.09356 1.13736 1.35079 0.837355
1.09982 1.16633 1.1733 0.866325
1.11756 1.19221 1.22667 0.892207
1.14024 1.22464 1.25491 0.924636
1.16865 1.24787 1.28684 0.947868
1.20201 1.27858 1.32098 0.978584
1.23671 1.30041 1.34904 1.00041
1.23633 1.32599 1.19881 1.02599
1.24858 1.34949 1.26406 1.04949
1.25622 1.38463 1.24477 1.08463
1.26131 1.40314 1.24506 1.10314
1.25559 1.42442 1.18947 1.12442
1.2312 1.44168 1.0787 1.14168
1.20802 1.47486 1.06983 1.17486
1.22351 1.48977 1.293 1.18977
1.21868 1.51647 1.17397 1.21647
1.22186 1.55732 1.22183 1.25732
1.23039 1.58894 1.26114 1.28894
1.21681 1.6058 1.12272 1.3058
1.22776 1.62717 1.2843 1.32717
1.21713 1.66092 1.13694 1.36092
1.23691 1.68791 1.35591 1.38791
1.24135 1.70336 1.25854 1.40336
1.22402 1.72825 1.08553 1.42825
1.23841 1.7422 1.34083 1.4422
1.23157 1.75526 1.16545 1.45526
1.22829 1.76349 1.1919 1.46349
1.21912 1.79107 1.13175 1.49107
1.21872 1.8061 1.21246 1.5061
1.19932 1.8181 1.03037 1.5181
1.20064 1.84097 1.22392 1.54097
1.21248 1.86385 1.33486 1.56385
1.2021 1.8721 1.10224 1.5721
1.20782 1.88184 1.28524 1.58184
1.19962 1.91665 1.11176 1.61665
1.19037 1.93889 1.08557 1.63889
1.18222 1.95001 1.08508 1.65001
1.17229 1.96349 1.04901 1.66349
1.17202 1.98965 1.19086 1.68965
1.18164 2.00791 1.34031 1.70791
1.19325 2.01911 1.38287 1.71911
1.19325 2.01911 1.38287 1.71911
1.20873 2.04818 1.40312 1.74818
1.20263 2.06439 1.12525 1.76439
1.19188 2.07102 1.08087 1.77102
1.18377 2.08179 1.0589 1.78179
1.17974 2.08967 1.12159 1.78967
1.17974 2.08967 1.12159 1.78967
1.17431 2.1303 1.11254 1.8303
1.16667 2.14287 1.0446 1.84287
1.16497 2.15441 1.15112 1.85441
1.17355 2.17704 1.36535 1.87704
1.17542 2.20167 1.23855 1.90167
1.17824 2.21754 1.25618 1.91754
1.17825 2.23435 1.19979 1.93435
1.17462 2.25248 1.11978 1.95248
1.16852 2.26463 1.05309 1.96463
1.15939 2.28204 0.975989 1.98204
1.14905 2.30045 0.933061 2.00045
1.14581 2.32518 1.09555 2.02518
1.14533 2.3365 1.15067 2.0365
1.14489 2.35466 1.1545 2.05466
1.14339 2.368 1.12197 2.068
1.13289 2.39271 0.976597 2.09271
1.12989 2.41514 1.08303 2.11514
1.14338 2.4325 1.41686 2.1325
1.15291 2.44619 1.43285 2.14619
1.16019 2.46561 1.3844 2.16561
1.16676 2.48894 1.37737 2.18894
1.16332 2.50587 1.0756 2.20587
1.15647 2.52029 0.958481 2.22029
1.15359 2.53615 1.0746 2.23615
1.14461 2.54923 0.862791 2.24923
1.14476 2.56295 1.15711 2.26295
1.14942 2.57786 1.31492 2.27786
1.15158 2.59462 1.23404 2.29462
1.15333 2.60265 1.22184 2.30265
1.14689 2.61857 0.917051 2.31857
1.14321 2.63781 1.0079 2.33781
1.1382 2.65597 1.09302 2.35597
1.13798 2.67057 1.13535 2.37057
1.1489 2.68639 1.42862 2.38639
1.15071 2.69868 1.22355 2.39868
1.1521 2.73025 1.20143 2.43025
1.15426 2.75181 1.23938 2.45181
1.15345 2.76754 1.11237 2.46754
1.15216 2.77582 1.09073 2.47582
1.15024 2.80915 1.04229 2.50915
1.15069 2.82516 1.15818 2.52516
1.14128 2.84091 0.899026 2.54091
1.14866 2.86291 1.2592 2.56291
1.1516 2.88136 1.27262 2.58136
1.14982 2.89639 1.03917 2.59639
1.14421 2.90513 1.08213 2.60513
1.13779 2.93591 0.82161 2.63591
1.13779 2.93591 0.82161 2.63591
1.13803 2.96463 1.11134 2.66463
1.14053 2.98003 1.2319 2.68003
1.14283 2.99802 1.22315 2.69802
1.14283 2.99802 1.22315 2.69802
1.14073 3.01777 1.00529 2.71777
1.13937 3.03595 1.0366 2.73595
1.1379 3.04503 1.04106 2.74503
1.13373 3.07926 0.843161 2.77926
1.12519 3.09572 0.947971 2.79572
1.12184 3.111 0.958094 2.811
1.12328 3.1203 1.12018 2.8203
1.12701 3.15147 1.13233 2.85147
1.13109 3.18082 1.25668 2.88082
1.13369 3.20859 1.16169 2.90859
1.13395 3.22225 1.07438 2.92225
1.13395 3.22225 1.07438 2.92225
1.13395 3.22225 1.07438 2.92225
1.13395 3.22225 1.07438 2.92225
1.13395 3.22225 1.07438 2.92225
1.13537 3.34038 1.0424 3.04038
1.14225 3.36209 1.22427 3.06209
1.13832 3.3699 1.04941 3.0699
1.14264 3.41376 1.3315 3.11376
1.15175 3.4449 1.28182 3.1449
1.15068 3.46786 0.998338 3.16786
1.15432 3.48513 1.0121 3.18513
1.15344 3.52391 0.990686 3.22391
1.15371 3.54805 1.07163 3.24805
1.15711 3.57925 1.17034 3.27925
1.15796 3.60905 1.26509 3.30905
1.16097 3.63167 1.13554 3.33167
1.16039 3.64971 1.05262 3.34971
1.16372 3.67768 1.24639 3.37768
1.16846 3.70331 1.1399 3.40331
1.16828 3.71576 1.06803 3.41576
1.16655 3.73489 1.10804 3.43489
1.16655 3.73489 1.10804 3.43489
1.16663 3.77102 1.16074 3.47102
1.16154 3.77991 1.07511 3.47991
1.16354 3.82199 1.07123 3.52199
1.17583 3.83186 1.35529 3.53186
1.17355 3.8512 1.1036 3.5512
1.18001 3.8641 1.24195 3.5641
1.18973 3.90804 1.36062 3.60804
1.18584 3.92101 0.939744 3.62101
1.18865 3.94782 1.23546 3.64782
1.18675 3.95837 1.08023 3.65837
1.18484 3.97675 1.05292 3.67675
1.1884 3.99498 1.2503 3.69498
1.18787 4.01349 1.16758 3.71349
1.18886 4.02769 1.16593 3.72769
1.1906 4.05922 1.14556 3.75922
1.19318 4.07386 1.16912 3.77386
1.1912 4.08319 0.983517 3.78319
1.19089 4.10638 1.08905 3.80638
1.18956 4.13581 1.05533 3.83581
1.18802 4.14521 1.09381 3.84521
1.19043 4.15777 1.28757 3.85777
1.19036 4.17446 1.06736 3.87446
1.19532 4.18719 1.31975 3.88719
1.18868 4.19543 0.969803 3.89543
1.18975 4.22856 1.09033 3.92856
1.1922 4.24366 1.15778 3.94366
1.19195 4.25616 1.03628 3.95616
1.18899 4.27534 1.106 3.97534
1.1852 4.30909 1.01059 4.00909
1.17928 4.32276 0.954239 4.02276
1.18231 4.35839 1.08201 4.05839
1.18348 4.38362 1.09692 4.08362
1.18563 4.39712 1.17663 4.09712
1.19278 4.41004 1.26913 4.11004
1.19751 4.44772 1.20494 4.14772
1.19745 4.4681 1.15421 4.1681
1.19394 4.48145 1.13077 4.18145
1.19334 4.50745 1.10305 4.20745
1.19296 4.52653 1.18179 4.22653
1.18973 4.55074 1.04517 4.25074
1.18731 4.56374 1.13551 4.26374
1.18188 4.58403 0.993185 4.28403
1.17535 4.60368 0.958696 4.30368
1.17852 4.62431 1.35346 4.32431
1.17471 4.64092 1.03213 4.34092
1.17132 4.64831 1.04525 4.34831
1.16628 4.66984 0.935894 4.36984
1.16582 4.69208 1.13677 4.39208
1.16759 4.71146 1.15359 4.41146
1.16891 4.72934 1.12157 4.42934
1.17007 4.75507 1.34351 4.45507
1.16837 4.77271 1.06552 4.47271
1.16543 4.79061 1.04519 4.49061
1.16381 4.81408 1.15991 4.51408
1.16149 4.83723 0.975149 4.53723
1.1581 4.84859 1.08915 4.54859
1.16009 4.87374 1.23623 4.57374
1.16164 4.8913 1.44975 4.5913
1.16266 4.90324 1.32051 4.60324
1.16322 4.92217 1.11278 4.62217
1.15995 4.94839 1.16585 4.64839
1.15292 4.96011 0.758531 4.66011
1.14973 4.97776 1.00632 4.67776
1.14935 4.99084 1.1057 4.69084
