1.01146 0.3 1.23095 0
1.18272 0.317451 1.29636 0.0174513
1.00444 0.330727 1.08734 0.0307269
1.04063 0.348312 1.21389 0.0483117
0.745373 0.371886 0.941732 0.0718865
0.736916 0.387443 1.10893 0.0874429
0.834779 0.408168 1.20362 0.108168
0.786816 0.424225 1.06839 0.124225
0.866297 0.441247 1.1988 0.141247
0.864631 0.453962 1.11373 0.153962
1.01613 0.490826 1.29933 0.190826
1.05202 0.514623 1.18639 0.214623
1.21204 0.53227 1.36752 0.23227
1.30082 0.544016 1.32785 0.244016
1.27626 0.584283 1.17865 0.284283
1.3591 0.607117 1.33938 0.307117
1.26829 0.652359 1.10671 0.352359
1.21307 0.67855 1.13117 0.378551
1.15769 0.700475 1.10351 0.400475
1.11194 0.713757 1.0885 0.413757
1.13741 0.774471 1.21324 0.474471
1.06671 0.804863 1.03415 0.504863
1.01129 0.811534 1.00751 0.511534
1.01669 0.830281 1.12924 0.530281
0.966295 0.860776 0.991729 0.560776
0.925421 0.873549 0.969932 0.573549
0.997794 0.882604 1.29428 0.582604
0.933084 0.900518 0.884632 0.600518
0.922686 0.918121 1.035 0.618121
1.03108 0.945027 1.43413 0.645027
1.08306 0.958468 1.29911 0.658468
1.14066 0.973554 1.35512 0.673554
1.16487 0.987563 1.24928 0.687563
1.1468 1.02669 1.07986 0.72669
1.10555 1.03823 0.969505 0.738235
1.05127 1.06434 0.915211 0.76434
1.05045 1.07703 1.09737 0.777026
1.0472 1.09752 1.08738 0.797515
1.08335 1.11176 1.24916 0.811759
1.1392 1.14164 1.38274 0.841641
1.18425 1.15988 1.36108 0.859879
1.18101 1.1689 1.14091 0.868904
1.16779 1.19773 1.07816 0.897727
1.17872 1.21696 1.20635 0.916965
1.17661 1.23875 1.13835 0.938754
1.18993 1.25105 1.2318 0.951053
1.21417 1.2771 1.2975 0.977097
1.18174 1.286 0.968991 0.985999
1.17364 1.30489 1.09938 1.00489
1.13667 1.31771 0.898243 1.01771
1.11425 1.33578 1.00074 1.03578
1.1135 1.35063 1.11362 1.05063
1.1042 1.36531 1.05108 1.06531
1.1303 1.37587 1.28065 1.07587
1.12087 1.38899 1.07785 1.08899
1.12217 1.42215 1.12572 1.12215
1.11544 1.43894 1.06642 1.13894
1.09192 1.45933 0.930039 1.15933
1.0936 1.47896 1.11279 1.17896
1.08477 1.50473 1.02838 1.20473
1.07971 1.52336 1.05108 1.22336
1.08387 1.54634 1.12159 1.24634
1.07169 1.56857 0.986046 1.26857
1.06278 1.57497 1.00147 1.27497
1.05481 1.59942 1.00195 1.29942
1.03711 1.62268 0.905996 1.32268
1.03281 1.63376 1.01264 1.33376
1.0415 1.64711 1.13477 1.34711
1.04969 1.67339 1.13242 1.37339
1.07455 1.69616 1.30171 1.39616
1.07241 1.71538 1.04502 1.41538
1.06244 1.73666 0.958944 1.43666
1.06244 1.73666 0.958944 1.43666
1.06244 1.73666 0.958944 1.43666
1.06244 1.73666 0.958944 1.43666
1.06244 1.73666 0.958944 1.43666
1.08725 1.86197 1.22383 1.56197
1.0829 1.88887 1.01856 1.58887
1.11722 1.9203 1.29783 1.6203
1.14445 1.95208 1.35432 1.65208
1.14066 1.96278 1.0607 1.66278
1.1438 1.97648 1.13439 1.67648
1.14226 2.00775 1.05688 1.70775
1.12905 2.03037 0.910722 1.73037
1.1172 2.04688 1.00068 1.74688
1.12896 2.06539 1.1484 1.76539
1.11493 2.08867 0.980147 1.78867
1.12422 2.09619 1.17169 1.79619
1.12468 2.11337 1.09002 1.81337
1.12144 2.12926 1.05504 1.82926
1.10934 2.14262 0.881257 1.84262
1.1061 2.1604 1.00164 1.8604
1.12259 2.18049 1.32761 1.88049
1.12778 2.18984 1.16717 1.88984
1.14448 2.20567 1.26203 1.90567
1.14072 2.22783 1.02703 1.92783
1.12818 2.24833 0.913283 1.94833
1.11876 2.25509 0.894237 1.95509
1.12187 2.27157 1.11864 1.97157
1.13572 2.30595 1.30803 2.00595
1.13613 2.32435 1.07139 2.02435
1.14618 2.35013 1.2349 2.05013
1.14523 2.36626 1.08597 2.06626
1.15055 2.409 1.12491 2.109
1.16352 2.43142 1.24547 2.13142
1.16869 2.46221 1.17622 2.16221
1.17556 2.48618 1.26768 2.18618
1.17923 2.51329 1.17781 2.21329
1.17682 2.53936 1.00104 2.23936
1.16372 2.55107 0.885096 2.25107
1.1651 2.57519 1.10781 2.27519
1.16745 2.59056 1.1608 2.29056
1.18159 2.61835 1.36654 2.31835
1.18848 2.63062 1.35788 2.33062
1.18981 2.65246 1.15101 2.35246
1.18887 2.66997 1.08069 2.36997
1.18962 2.68998 1.13896 2.38998
1.18878 2.70259 1.09698 2.40259
1.19036 2.71863 1.18651 2.41863
1.18409 2.73578 0.946076 2.43578
1.18352 2.76135 1.09833 2.46135
1.18229 2.7682 1.09317 2.4682
1.17992 2.78016 1.03358 2.48016
1.18029 2.79598 1.12745 2.49598
1.17204 2.81693 0.76534 2.51693
1.17027 2.82528 1.04958 2.52528
1.17087 2.85933 1.07554 2.55933
1.16923 2.87348 1.03639 2.57348
1.16925 2.89173 1.09477 2.59173
1.17159 2.90115 1.22527 2.60115
1.16974 2.93432 0.973976 2.63432
1.1726 2.95602 1.22434 2.65602
1.17538 2.97296 1.24182 2.67296
1.17299 2.99397 0.986486 2.69397
1.1726 3.00909 1.096 2.70909
1.17232 3.03647 1.07422 2.73647
1.17353 3.05428 1.17577 2.75428
1.17352 3.07349 1.11301 2.77349
1.1728 3.09333 1.07594 2.79333
1.17229 3.11319 1.08765 2.81319
1.17315 3.13406 1.16472 2.83406
1.17325 3.15684 1.12421 2.85684
1.17413 3.17661 1.17756 2.87661
1.17061 3.19232 0.93035 2.89232
1.16751 3.21101 0.944517 2.91101
1.16789 3.23654 1.21072 2.93654
1.16717 3.25013 1.07915 2.95013
1.16717 3.25013 1.07915 2.95013
1.16862 3.28658 1.16396 2.98658
1.16688 3.30095 1.0862 3.00095
1.16592 3.31564 1.16902 3.01564
1.16462 3.33041 1.10849 3.03041
1.1655 3.3515 1.26328 3.0515
1.1657 3.36851 1.09713 3.06851
1.16385 3.38718 1.12323 3.08718
1.16252 3.40118 1.20007 3.10118
1.16026 3.42474 1.15911 3.12474
1.15331 3.44712 0.980191 3.14712
1.15352 3.46177 1.23308 3.16177
1.1533 3.47632 1.14624 3.17632
1.1517 3.5009 1.0887 3.2009
1.15369 3.52894 1.2389 3.22894
1.15274 3.54211 1.04992 3.24211
1.15077 3.56606 1.10054 3.26606
1.14739 3.57829 1.06855 3.27829
1.14542 3.60175 1.13296 3.30175
1.14397 3.61548 1.22526 3.31548
1.14384 3.63896 1.09453 3.33896
1.14157 3.64506 1.08946 3.34506
1.14473 3.6659 1.13211 3.3659
1.14557 3.67848 1.16802 3.37848
1.14269 3.69924 1.06257 3.39924
1.14662 3.70803 1.29964 3.40803
1.14731 3.72826 1.26598 3.42826
1.14859 3.74492 1.21008 3.44492
1.14745 3.75981 1.26464 3.45982
1.14683 3.77183 1.17306 3.47183
1.13919 3.78665 0.969147 3.48665
1.13341 3.81503 1.05181 3.51503
1.13131 3.82113 1.07127 3.52113
1.11878 3.83656 0.909555 3.53656
1.11922 3.84749 1.15617 3.54749
1.11575 3.87449 0.953967 3.57449
1.11271 3.88109 0.915117 3.58109
1.11694 3.89562 1.39133 3.59562
1.1143 3.90567 1.06074 3.60567
1.12525 3.91962 1.43097 3.61962
1.13124 3.95014 1.38476 3.65014
1.13153 3.96386 1.17383 3.66386
1.13692 3.97733 1.31017 3.67733
1.13797 3.99718 1.05678 3.69718
1.13074 4.03777 0.995528 3.73777
1.13214 4.05743 0.984039 3.75743
1.1333 4.07225 1.12545 3.77225
1.12828 4.10112 1.25264 3.80112
1.1285 4.12521 1.38571 3.82521
1.12619 4.14935 1.31156 3.84935
1.12268 4.17983 1.14718 3.87983
1.1218 4.19677 1.07565 3.89677
1.12185 4.22637 1.03699 3.92637
1.12506 4.25046 1.13573 3.95046
1.12127 4.27922 0.969213 3.97922
1.12216 4.28788 1.15853 3.98788
1.11727 4.31858 1.07919 4.01858
1.10602 4.33351 0.846279 4.03351
1.10514 4.34519 1.36727 4.04519
1.10784 4.36204 1.33028 4.06204
1.11043 4.38474 1.2708 4.08474
1.11583 4.39262 1.52524 4.09262
1.11742 4.4098 1.27578 4.1098
1.11394 4.44915 1.16996 4.14915
1.11073 4.46342 1.19017 4.16342
1.1128 4.47455 1.1 4.17455
1.10967 4.50429 1.01963 4.20429
1.11309 4.5394 1.15205 4.2394
1.11536 4.54578 1.1306 4.24578
1.11923 4.55788 1.34829 4.25788
1.12975 4.58675 1.6651 4.28675
1.12641 4.59791 1.16052 4.29791
1.12651 4.61564 1.13796 4.31564
1.12408 4.63175 1.05751 4.33175
1.11999 4.64405 0.898674 4.34405
1.12324 4.65595 1.1192 4.35595
1.12796 4.67635 1.41406 4.37635
1.1267 4.71869 1.09351 4.41869
1.12717 4.73337 1.11995 4.43337
1.12674 4.75017 1.15773 4.45017
1.12879 4.7641 1.12737 4.4641
1.13231 4.80179 1.29008 4.50179
1.13863 4.82304 1.3811 4.52304
1.1416 4.83635 1.09012 4.53635
1.14041 4.85483 1.01733 4.55483
1.13686 4.86881 1.01479 4.56881
1.13425 4.88339 1.06047 4.5834
1.12786 4.89243 1.03796 4.59243
1.13078 4.90978 1.24625 4.60978
1.13271 4.94038 1.1517 4.64038
1.12891 4.95468 1.10934 4.65468
1.13079 4.9744 1.1826 4.6744
1.12556 4.99731 1.14993 4.69731
1.12036 5.02832 1.2388 4.72832
1.12205 5.04936 1.22395 4.74936
1.12302 5.07463 1.28235 4.77463
1.12748 5.10455 1.38617 4.80455
1.13553 5.12049 1.35895 4.82049
1.13697 5.14031 1.14845 4.84031
1.13926 5.16016 1.35051 4.86016
1.13953 5.19832 1.1386 4.89832
1.13413 5.21926 1.00194 4.91926
1.13782 5.23776 1.34945 4.93776
1.14152 5.25389 1.30482 4.95389
1.14833 5.2818 1.31629 4.9818
1.14833 5.2818 1.31629 4.9818
1.14889 5.31453 1.16156 5.01453
1.14412 5.32736 1.17208 5.02736
1.14245 5.33477 1.1303 5.03477
1.13653 5.36036 1.09349 5.06036
1.13978 5.37602 1.25211 5.07602
1.14309 5.39913 1.16279 5.09913
1.14886 5.42047 1.25676 5.12047
1.14594 5.4522 1.11236 5.1522
1.14024 5.49235 1.20799 5.19235
1.14021 5.51785 1.17617 5.21785
1.13777 5.55237 1.26325 5.25237
1.1415 5.57254 1.35753 5.27254
1.14011 5.60462 1.1934 5.30462
1.13658 5.62339 1.15985 5.32339
1.13075 5.64954 0.996802 5.34954
1.12747 5.67249 1.20469 5.37249
1.12684 5.68347 1.2011 5.38347
1.12878 5.6971 1.15397 5.3971
1.13424 5.71181 1.21393 5.41181
1.13424 5.71181 1.21393 5.41181
1.13559 5.74716 1.31593 5.44716
1.13475 5.75698 1.16804 5.45698
1.12875 5.78002 1.16778 5.48002
1.12582 5.81347 1.34479 5.51347
1.12546 5.83295 1.21086 5.53295
1.1276 5.85201 1.26385 5.55201
1.12728 5.87728 1.21685 5.57728
1.12238 5.91041 0.950025 5.61041
1.11873 5.93126 1.06408 5.63126
1.11997 5.95229 1.06762 5.65229
1.11976 5.96888 1.13768 5.66888
1.12595 5.97807 1.45662 5.67807
1.1287 5.99182 1.22286 5.69182
1.13485 6.01415 1.52992 5.71415
1.14284 6.0367 1.25524 5.7367
1.1433 6.05034 1.12035 5.75034
1.14428 6.06226 1.17157 5.76226
1.14207 6.09772 1.02591 5.79772
1.14015 6.11448 1.04243 5.81448
1.13604 6.15948 1.12638 5.85948
1.1378 6.17808 1.11723 5.87808
1.13386 6.20992 1.08734 5.90992
1.13209 6.23341 1.20001 5.93341
1.13373 6.27757 1.16423 5.97757
1.13465 6.29916 1.19055 5.99916
1.13583 6.32187 1.18353 6.02187
1.13151 6.3459 0.967487 6.0459
1.13001 6.37136 1.06059 6.07136
1.13178 6.39203 1.20427 6.09203
1.13696 6.41044 1.41565 6.11044
1.14073 6.42485 1.40976 6.12485
1.14303 6.46235 1.31164 6.16235
1.14166 6.47406 1.11314 6.17406
1.14412 6.48647 1.09006 6.18647
1.1441 6.5029 0.959768 6.2029
1.1422 6.52817 1.12531 6.22817
1.14189 6.53496 1.06689 6.23496
1.14272 6.5466 1.22737 6.2466
1.14349 6.56375 1.14711 6.26375
1.1435 6.57576 1.18209 6.27576
1.14369 6.59461 1.13318 6.29461
1.14019 6.6208 1.06794 6.3208
1.14126 6.64298 1.16813 6.34298
1.14076 6.65795 1.09519 6.35795
1.14262 6.67804 1.3189 6.37804
1.14273 6.70198 1.16614 6.40198
1.14646 6.73018 1.20189 6.43018
1.14652 6.7432 1.23841 6.4432
1.14484 6.76387 1.03573 6.46387
1.14487 6.77623 1.08347 6.47623
1.14283 6.80557 1.09624 6.50557
1.14163 6.82086 0.958379 6.52086
1.14426 6.85028 1.23116 6.55028
1.1463 6.88724 1.14939 6.58724
1.14686 6.90974 1.1371 6.60974
1.14517 6.92602 1.09592 6.62602
1.14375 6.95144 0.960741 6.65144
1.14322 6.98983 0.978483 6.68983
1.14315 7.01027 1.08046 6.71027
1.14327 7.01907 1.15392 6.71907
1.14338 7.05426 0.980154 6.75426
1.14159 7.09198 1.07247 6.79198
1.13919 7.11414 1.03806 6.81414
1.13778 7.12738 1.07147 6.82738
1.1384 7.16461 1.15422 6.86461
1.14093 7.2034 1.16918 6.9034
1.14093 7.2034 1.16918 6.9034
1.14093 7.2034 1.16918 6.9034
1.14093 7.2034 1.16918 6.9034
1.14093 7.2034 1.16918 6.9034
1.14892 7.2999 1.06792 6.9999
1.15325 7.31338 1.28135 7.01338
1.15478 7.32858 1.11526 7.02858
1.15915 7.34713 1.14916 7.04713
1.15923 7.35509 1.12923 7.05509
1.16042 7.37015 0.997658 7.07015
1.16239 7.38876 1.00487 7.08876
1.16065 7.40375 1.17804 7.10375
1.16333 7.41124 1.22042 7.11124
1.16381 7.42767 1.34745 7.12767
1.16128 7.44103 1.12573 7.14103
1.1613 7.46247 1.06796 7.16247
1.15825 7.46941 1.05328 7.16941
1.15679 7.48526 0.890308 7.18526
1.15923 7.50141 1.08902 7.20141
1.16265 7.52474 1.10669 7.22474
1.16383 7.5412 1.12263 7.2412
1.16404 7.55917 1.16001 7.25917
1.16022 7.58007 0.986763 7.28007
1.16093 7.61999 1.09829 7.31999
1.16302 7.63818 1.17905 7.33818
1.16608 7.66756 1.11183 7.36756
1.1691 7.68594 1.14673 7.38594
1.17037 7.72752 0.975356 7.42752
1.17216 7.7383 1.0534 7.4383
1.17337 7.7623 1.10175 7.4623
1.17962 7.78724 1.37116 7.48724
1.18545 7.79945 1.22365 7.49945
1.18111 7.81593 0.963618 7.51593
1.17933 7.82755 1.12771 7.52755
1.17969 7.85711 1.11606 7.55711
1.17851 7.8705 1.31961 7.5705
1.18106 7.89134 1.31297 7.59134
1.1839 7.90921 1.26242 7.60921
1.18283 7.92605 1.02443 7.62605
1.18266 7.94218 1.01072 7.64218
1.18302 7.95543 0.992765 7.65543
1.18591 7.97915 1.21933 7.67915
1.18679 7.98683 1.15883 7.68683
1.18354 8.00287 1.02729 7.70287
1.17922 8.02046 1.14512 7.72046
1.18274 8.03948 1.17984 7.73948
1.18901 8.05544 1.26122 7.75545
1.19224 8.07323 1.23545 7.77323
1.191 8.09122 1.11807 7.79122
1.1894 8.1011 0.977088 7.8011
1.18166 8.11601 0.805076 7.81601
1.18384 8.13839 1.12833 7.83839
1.18306 8.14899 1.02286 7.84899
1.18448 8.15962 1.20171 7.85962
1.18682 8.17693 1.20166 7.87693
1.18451 8.20004 1.02421 7.90004
1.18387 8.21553 1.25526 7.91553
1.18338 8.22961 0.99907 7.92961
1.18487 8.25239 1.01867 7.95239
1.1857 8.2711 0.998086 7.9711
1.1863 8.28571 1.04737 7.98571
1.18801 8.30576 1.07806 8.00576
1.1873 8.32303 1.13169 8.02303
1.18971 8.34212 1.23446 8.04212
1.18861 8.35213 1.01181 8.05213
1.18789 8.37286 1.06625 8.07286
1.18997 8.39457 1.20831 8.09457
1.18962 8.4153 1.15005 8.1153
1.18893 8.42353 1.15606 8.12353
1.18675 8.4416 1.09109 8.1416
1.18041 8.46533 0.923727 8.16533
1.17745 8.49195 1.09288 8.19195
1.17929 8.50361 1.2253 8.20361
1.17809 8.52869 1.2016 8.22869
1.17907 8.55168 1.13328 8.25168
1.1803 8.57807 1.01047 8.27807
1.17551 8.5957 1.02129 8.2957
1.17142 8.62147 0.99861 8.32147
1.1698 8.64771 1.15479 8.34771
1.17192 8.66684 1.23959 8.36684
1.17145 8.68939 1.09661 8.38939
1.17407 8.70384 1.25416 8.40384
1.17704 8.73855 1.20555 8.43855
1.17566 8.76113 1.13658 8.46113
1.1759 8.78815 1.14073 8.48815
1.17442 8.80774 1.14556 8.50774
1.17517 8.84026 1.12241 8.54026
1.1739 8.86269 1.11442 8.56269
1.17635 8.88701 1.29732 8.58701
1.174 8.91052 1.11518 8.61052
1.17039 8.93147 1.13782 8.63147
1.168 8.95076 1.0469 8.65076
1.16551 8.96566 1.01058 8.66566
1.16534 8.97796 0.979688 8.67796
1.16456 8.99281 1.15315 8.69281
1.16415 9.00766 1.1716 8.70766
1.16593 9.01877 1.2518 8.71877
1.16646 9.02559 1.24314 8.72559
1.16071 9.03614 0.989289 8.73614
1.15721 9.0434 0.965071 8.7434
1.15465 9.055 1.0163 8.755
1.14941 9.08109 1.04256 8.78109
1.14636 9.09588 1.03126 8.79588
1.14629 9.10482 1.25943 8.80482
1.1451 9.13415 1.13809 8.83415
1.14962 9.15974 1.1848 8.85974
1.15377 9.17483 1.29079 8.87483
1.15595 9.19704 1.1863 8.89704
1.15507 9.22415 1.09384 8.92415
1.15233 9.23263 1.31925 8.93263
1.14913 9.24213 1.04787 8.94213
1.14243 9.26458 1.1794 8.96458
1.13959 9.30176 1.10936 9.00176
1.13701 9.31857 0.978408 9.01857
1.13463 9.33205 1.04217 9.03205
1.13447 9.34747 1.01244 9.04747
1.13571 9.38949 1.11551 9.08949
1.13719 9.40941 1.21393 9.10941
1.1413 9.43318 1.35389 9.13318
1.1455 9.45128 1.32796 9.15128
1.14667 9.46763 1.28205 9.16763
1.14685 9.47973 1.18721 9.17973
1.14595 9.5091 1.1767 9.20911
1.14273 9.51996 1.02355 9.21996
1.14289 9.53848 0.981598 9.23848
1.14472 9.54776 1.163 9.24776
1.14254 9.58058 1.13203 9.28058
1.13958 9.5924 1.29829 9.2924
1.13663 9.60563 1.29554 9.30563
1.13124 9.622 1.06684 9.322
1.13212 9.64418 1.18891 9.34418
1.12936 9.66397 0.969124 9.36397
1.12948 9.67006 0.959093 9.37006
1.13232 9.6967 1.30834 9.3967
1.13168 9.72109 1.06246 9.42109
1.12805 9.74272 1.08055 9.44272
1.12758 9.75561 1.14396 9.45561
1.12296 9.78465 0.991955 9.48465
1.12026 9.81432 1.03596 9.51432
1.12322 9.83397 1.23817 9.53397
1.12711 9.85019 1.38879 9.55019
1.1319 9.87476 1.36763 9.57476
1.13199 9.89394 1.36941 9.59394
1.13269 9.91762 1.24426 9.61762
1.13053 9.93301 1.13048 9.63301
1.12711 9.94936 1.11 9.64936
1.12846 9.97113 1.13362 9.67113
1.1258 9.99878 1.00066 9.69878
1.12289 10.0196 0.990902 9.71964
1.13178 10.0341 1.40102 9.73415
1.13077 10.0601 1.23859 9.76013
1.13538 10.0775 1.40709 9.77754
1.13671 10.0964 1.24278 9.79638
1.13532 10.1127 1.06489 9.81267
1.13604 10.1314 1.02518 9.83138
1.13929 10.141 1.14594 9.841
1.14483 10.1613 1.38752 9.86129
1.14468 10.1768 1.18974 9.87684
1.14973 10.1859 1.23426 9.88588
1.14819 10.2099 1.06062 9.90986
1.14609 10.2359 1.00302 9.93595
1.14499 10.2541 1.06668 9.95414
1.14344 10.267 1.12234 9.96698
1.14326 10.2928 1.23621 9.99279
1.1448 10.317 1.21211 10.017
1.13839 10.3361 1.05171 10.0361
1.13718 10.3546 1.11836 10.0546
1.13294 10.3694 1.00093 10.0694
1.13306 10.3956 1.21322 10.0956
1.13815 10.4147 1.29304 10.1147
1.14151 10.4276 1.20395 10.1276
1.1458 10.4422 1.4408 10.1422
1.14179 10.4731 1.13743 10.1731
1.14086 10.491 1.38542 10.191
1.14122 10.5096 1.21341 10.2096
1.13985 10.526 1.06248 10.226
1.14039 10.5536 1.17061 10.2536
